# golden forces for examples/licoo2_fermidirac_scf (partition 0, layout 2x1)
# id type q fx fy fz
1 1 0.59999999999999998 -0.023567325071135591 -0.041731505604382206 0.10407640076997121
2 1 0.59999999999999998 -0.015115617010713723 -0.036444685348215024 0.082033741837663404
3 1 0.59999999999999998 -0.022050103826539168 -0.03977177747644825 0.10476954914265099
4 1 0.59999999999999998 -0.020824754019997064 -0.040610023343461539 0.082426989233559678
5 1 0.59999999999999998 -0.019951792158053479 -0.038515547040537432 0.10516578337585634
6 1 0.59999999999999998 -0.028438366153062007 -0.046951181763824831 0.08252088191979022
7 1 0.59999999999999998 -0.018685803414606496 -0.038311989732277521 0.10546919074403298
8 1 0.59999999999999998 -0.033820320008635954 -0.047044427796112287 0.08285661489990119
9 1 0.59999999999999998 -0.019364587241478777 -0.039242105177539469 0.10520771032675413
10 1 0.59999999999999998 -0.029248040226078041 -0.041734691531087303 0.082621203966411247
11 1 0.59999999999999998 -0.021551097470587994 -0.040690035294417219 0.10510184574720542
12 1 0.59999999999999998 -0.019516204330321439 -0.038264628786545976 0.082989972325056033
13 1 0.59999999999999998 -0.023418476613506538 -0.039482166677598872 0.1044710102225599
14 1 0.59999999999999998 -0.013879667270203355 -0.033769036104504893 0.082597056215445663
15 1 0.59999999999999998 -0.021683966438058803 -0.040803797991539152 0.10316268861739335
16 1 0.59999999999999998 -0.021219173496425173 -0.041128737089002082 0.08242928093725635
17 1 0.59999999999999998 -0.021819822070083702 -0.037886992791109256 0.1046453451032143
18 1 0.59999999999999998 -0.022231335775566068 -0.048041604668027954 0.082560603227961202
19 1 0.59999999999999998 -0.020121977746031108 -0.03592448717539895 0.10717095881531905
20 1 0.59999999999999998 -0.031023153089426308 -0.062273892415731398 0.082692437799804702
21 1 0.59999999999999998 -0.017429729091796367 -0.035898289165020199 0.10976699034419844
22 1 0.59999999999999998 -0.054844745941714963 -0.072631701753270855 0.088558328827719121
23 1 0.59999999999999998 -0.015965491014621889 -0.03828911010431868 0.1098539947351177
24 1 0.59999999999999998 -0.065722031366909198 -0.049634597574341403 0.088093344104806265
25 1 0.59999999999999998 -0.017202912261315078 -0.040973542980536772 0.10765758703800102
26 1 0.59999999999999998 -0.042516067251280112 -0.035920543985526389 0.08236250241831318
27 1 0.59999999999999998 -0.019798510143551915 -0.039559300457824888 0.10456145073637739
28 1 0.59999999999999998 -0.026661136015595891 -0.034867622616193326 0.082088501239143657
29 1 0.59999999999999998 -0.019841530845750483 -0.041906233188674522 0.10414956470137915
30 1 0.59999999999999998 -0.027312322450074245 -0.038354362078007902 0.081682392658086161
31 1 0.59999999999999998 -0.021716313662501239 -0.037989187186027756 0.10462802165590364
32 1 0.59999999999999998 -0.021867243808941193 -0.049262815537915026 0.082719689895809106
33 1 0.59999999999999998 -0.021862296953286779 -0.034750479468629504 0.10817406887717641
34 1 0.59999999999999998 -0.023940841463070225 -0.073547794327895433 0.083753249330398141
35 1 0.59999999999999998 -0.019697258991245484 -0.033615502993170829 0.11403040394845447
36 1 0.59999999999999998 -0.049642954026834774 -0.12667787010072099 0.10891623916070879
37 1 0.59999999999999998 -0.016314636614608108 -0.036796611490554298 0.11732402114603654
38 1 0.59999999999999998 -0.14771658255347891 -0.10667096827469942 0.19161927056506226
39 1 0.59999999999999998 -0.015114233206879922 -0.041676727067353959 0.11457114195824489
40 1 0.59999999999999998 -0.10326864142580393 -0.015530545624347442 0.10464486687083299
41 1 0.59999999999999998 -0.017038881026291954 -0.041194122570325301 0.1082511480697098
42 1 0.59999999999999998 -0.0461609175118795 -0.02434154348208635 0.081527230352832172
43 1 0.59999999999999998 -0.019034301368876592 -0.044438711515344141 0.10672191286169931
44 1 0.59999999999999998 -0.035926911046773036 -0.025084100526481225 0.081486176357895276
45 1 0.59999999999999998 -0.021446108761519922 -0.039999716313651776 0.1047391493565199
46 1 0.59999999999999998 -0.022442787482733734 -0.043065577423258249 0.082635796915669552
47 1 0.59999999999999998 -0.023504460772921475 -0.036097564911840928 0.10703441850006165
48 1 0.59999999999999998 -0.013653898633478947 -0.066755908094026498 0.084326623302857728
49 1 0.59999999999999998 -0.024138911570145988 -0.033687175402691179 0.11388997486927928
50 1 0.59999999999999998 -0.0044830658531286186 -0.13831442042158512 0.11711880455713292
51 1 0.59999999999999998 -0.021982939350800701 -0.036000230056478483 0.12133917256884444
52 1 0.59999999999999998 -0.053499517545901723 -0.17702421863431861 0.3155776209582804
53 1 0.59999999999999998 -0.018457591815415224 -0.042378513071133758 0.12180022213922358
54 1 0.59999999999999998 -0.14559448463250144 0.031029124086644738 0.28222348055116303
55 1 0.59999999999999998 -0.017382412669525067 -0.043618643440475155 0.11403683272321319
56 1 0.59999999999999998 -0.083704101874983838 0.019857182664160613 0.10417556147693006
57 1 0.59999999999999998 -0.02044040401010145 -0.046666128773628489 0.10923365290919469
58 1 0.59999999999999998 -0.035148539896842391 0.0017531651329391702 0.087472364791405244
59 1 0.59999999999999998 -0.021304965890952529 -0.042438703973810596 0.10517420585277791
60 1 0.59999999999999998 -0.023983327669716774 -0.03273617415733842 0.082643582067742069
61 1 0.59999999999999998 -0.023484029919963453 -0.038723527960551042 0.10501365091748432
62 1 0.59999999999999998 -0.013511734700204793 -0.050189460747353969 0.083587757010160316
63 1 0.59999999999999998 -0.026126369480664925 -0.036051470562573629 0.10947988184061547
64 1 0.59999999999999998 0.01586404889914354 -0.08108423705813593 0.094443819664834242
65 1 0.59999999999999998 -0.027448704242263134 -0.036829081004238318 0.11701543675375932
66 1 0.59999999999999998 0.1194204923459115 -0.11995870240402373 0.23066089602386308
67 1 0.59999999999999998 -0.025432741554328835 -0.042334499807204058 0.1216324785480442
68 1 0.59999999999999998 0.082716597538568637 0.056082621945987413 0.31251820382785345
69 1 0.59999999999999998 -0.021903046338448869 -0.044835315826739462 0.11708744734519679
70 1 0.59999999999999998 -0.025907915307157886 0.10321921839491663 0.18924438241180716
71 1 0.59999999999999998 -0.023192917011046935 -0.046564800422163773 0.10918231680346224
72 1 0.59999999999999998 -0.010171137884478647 0.003537831605231558 0.087895457762497797
73 1 0.59999999999999998 -0.021732452273767851 -0.043465419006050568 0.10547570249415245
74 1 0.59999999999999998 -0.021697101233464511 -0.026203988430718705 0.082931162186258234
75 1 0.59999999999999998 -0.022330099214646106 -0.04056927267926129 0.10379040109475281
76 1 0.59999999999999998 -0.018560873915962155 -0.040339215608339286 0.08340478120094981
77 1 0.59999999999999998 -0.024578999434655111 -0.038427402505104749 0.1052648348653146
78 1 0.59999999999999998 -0.0053258040691216025 -0.049488820591441142 0.084491807258299564
79 1 0.59999999999999998 -0.027406661102733865 -0.038326611913965004 0.1095156899030766
80 1 0.59999999999999998 0.03240461498068184 -0.051722571823779449 0.094359990275511132
81 1 0.59999999999999998 -0.02845087531542714 -0.041583360148954078 0.11423078165127704
82 1 0.59999999999999998 0.070790431432693382 -0.0062978322948123548 0.1165527249558313
83 1 0.59999999999999998 -0.026285383119849494 -0.043465946111573624 0.11383669673123048
84 1 0.59999999999999998 0.038512763456118336 0.028191618525495687 0.10806555089517601
85 1 0.59999999999999998 -0.024486759289545634 -0.044215805021111915 0.10661738734463318
86 1 0.59999999999999998 -0.0073557553803517634 -0.021924264872354139 0.082210091929309587
87 1 0.59999999999999998 -0.022164296690720918 -0.042256970400920343 0.10519025681736574
88 1 0.59999999999999998 -0.019187490082182564 -0.030917119292898938 0.082595412174825342
89 1 0.59999999999999998 -0.020979197633269366 -0.040479317308270535 0.10385199206152169
90 1 0.59999999999999998 -0.023105146907136831 -0.039321592278042078 0.08310897447982124
91 1 0.59999999999999998 -0.021576753606937681 -0.039290229579031326 0.10380658884677953
92 1 0.59999999999999998 -0.019953164569258459 -0.042670327702620983 0.083399023644602249
93 1 0.59999999999999998 -0.023750389377089121 -0.039257839878026453 0.10507171685378901
94 1 0.59999999999999998 -0.0089492481495281294 -0.042074721282083338 0.083634400041545098
95 1 0.59999999999999998 -0.026026700872036269 -0.040903946028863207 0.10741674195477982
96 1 0.59999999999999998 0.0051206479737337107 -0.034062549248917648 0.084699823333327595
97 1 0.59999999999999998 -0.026358988034198377 -0.04101353132874571 0.10802845986133083
98 1 0.59999999999999998 0.0057961385087186377 -0.020034132738211585 0.083636792394561843
99 1 0.59999999999999998 -0.022536270908286287 0.037952153665570067 -0.031392505952895534
100 1 0.59999999999999998 -0.02155966576565085 0.037356516315517119 0.0032845422370338748
101 1 0.59999999999999998 -0.019238153947218343 0.041398709123786036 -0.035631180891657892
102 1 0.59999999999999998 -0.02193497206337305 0.037171949739577805 0.0038584789794247594
103 1 0.59999999999999998 -0.014227744737119434 0.043509524367726087 -0.041996705868132013
104 1 0.59999999999999998 -0.022253897467185046 0.037119815305125661 0.0044523705683949906
105 1 0.59999999999999998 -0.012036903439276265 0.041905501375700413 -0.041845764790015866
106 1 0.59999999999999998 -0.022263649301796171 0.037335006292747622 0.0044963847954965453
107 1 0.59999999999999998 -0.014971505062170137 0.038926719008672478 -0.035108725015798051
108 1 0.59999999999999998 -0.021929281479994886 0.037847456198920028 0.004249976657893788
109 1 0.59999999999999998 -0.019964191042410484 0.035800399687753115 -0.031622625219425805
110 1 0.59999999999999998 -0.021522639657067313 0.03627932958038782 0.0030682600959670305
111 1 0.59999999999999998 -0.022963116639948447 0.037691151898863975 -0.030962557405011925
112 1 0.59999999999999998 -0.021380706168589943 0.03854012445772504 0.0025034350050143908
113 1 0.59999999999999998 -0.021744400311158412 0.038899162697946452 -0.03041912509712975
114 1 0.59999999999999998 -0.021688809568152407 0.037072333596846661 0.0030386746006413538
115 1 0.59999999999999998 -0.020538786411370562 0.047231356525440436 -0.041278771899788722
116 1 0.59999999999999998 -0.021882180310402774 0.036744712206496256 0.0044918936492777846
117 1 0.59999999999999998 -0.0043401698795793456 0.064888297598573674 -0.070444246551395653
118 1 0.59999999999999998 -0.022316164502911601 0.036676898689043183 0.0065125219153817811
119 1 0.59999999999999998 0.024055743655912395 0.065951396543010521 -0.10087965849618587
120 1 0.59999999999999998 -0.02268820451973964 0.037084936409387231 0.0074769689280393846
121 1 0.59999999999999998 0.013454685913518319 0.042121130285728808 -0.068822556437151308
122 1 0.59999999999999998 -0.022662681746357188 0.037849990141726235 0.0067908744276133203
123 1 0.59999999999999998 -0.0093824638249429618 0.032600863641229258 -0.040506800710055545
124 1 0.59999999999999998 -0.022254617566584679 0.036335762471379263 0.0042018279950317393
125 1 0.59999999999999998 -0.018766659017550102 0.03667258629672189 -0.030693965152762168
126 1 0.59999999999999998 -0.021842403069479519 0.038447905010969001 0.0024457340067273745
127 1 0.59999999999999998 -0.020644464933261879 0.036081899166187613 -0.031412119382979269
128 1 0.59999999999999998 -0.0218158663290637 0.037173146710113028 0.0032777357913737495
129 1 0.59999999999999998 -0.024992546905732518 0.045150788172593229 -0.041898753040748082
130 1 0.59999999999999998 -0.021659165036816998 0.03664364100015978 0.0045495715016721826
131 1 0.59999999999999998 -0.027014195060161329 0.095929438759541602 -0.093136875133903715
132 1 0.59999999999999998 -0.021865770554521435 0.036401362774227029 0.0075944039109759592
133 1 0.59999999999999998 0.19038766033790289 0.37468303148295956 -0.26938367813238029
134 1 0.59999999999999998 -0.022353048617381997 0.036828972846049059 0.010232526464584748
135 1 0.59999999999999998 0.38037153216337749 0.066653787162379644 -0.2640697307892409
136 1 0.59999999999999998 -0.022735659243091955 0.037869739705250045 0.010445766627881414
137 1 0.59999999999999998 0.035229223997016106 0.0030849579278223985 -0.088037809545742612
138 1 0.59999999999999998 -0.022651090539862851 0.036599263766297012 0.0071623196546940901
139 1 0.59999999999999998 -0.012603769274981693 0.029415149359180031 -0.040847787491184798
140 1 0.59999999999999998 -0.022233609802375109 0.038708542462284862 0.0038763836800823673
141 1 0.59999999999999998 -0.019386395107260777 0.031059415434076861 -0.035474848825096071
142 1 0.59999999999999998 -0.021887804869224113 0.037594135274834406 0.0039015357077871516
143 1 0.59999999999999998 -0.023839975353605602 0.03806273703757336 -0.036522025183622776
144 1 0.59999999999999998 -0.021482045587354757 0.036949832295860664 0.003975973083349767
145 1 0.59999999999999998 -0.0402438622336398 0.056000234290591103 -0.075385968720859439
146 1 0.59999999999999998 -0.021270707019463594 0.036528141601740116 0.0067239996275448299
147 1 0.59999999999999998 -0.25324293407438808 0.35166841044497016 -0.30212478651947855
148 1 0.59999999999999998 -0.021441227335929052 0.036789406689416312 0.010404992666136183
149 1 0.59999999999999998 -0.021931126609735813 0.037895928556122609 0.012352932658067903
150 1 0.59999999999999998 0.15383436559075525 -0.32669038510022652 -0.2651131752918009
151 1 0.59999999999999998 -0.022304398425230246 0.036889856442539858 0.0098883632017665677
152 1 0.59999999999999998 -0.0080259374560464718 0.0057834843934141122 -0.069807641125318218
153 1 0.59999999999999998 -0.022259730674114391 0.039157709648152787 0.0059082018556439299
154 1 0.59999999999999998 -0.020686858528563397 0.026966149315174822 -0.041890772158759179
155 1 0.59999999999999998 -0.021807786423612145 0.038026570402648362 0.0044984468364268893
156 1 0.59999999999999998 -0.021698959677480232 0.034959201029440772 -0.032074467042236474
157 1 0.59999999999999998 -0.021488415241962055 0.037422660223259629 0.0033090541432723021
158 1 0.59999999999999998 -0.025748192172567994 0.039192738545257004 -0.044298916551133306
159 1 0.59999999999999998 -0.021050378691399245 0.036944203412870101 0.004687392804990303
160 1 0.59999999999999998 -0.056050169887453143 0.057321790072220359 -0.11319690924133478
161 1 0.59999999999999998 -0.020774119207229845 0.037001305017124647 0.007826848262496881
162 1 0.59999999999999998 -0.40947579281985852 0.080983630197791076 -0.30197114012307463
163 1 0.59999999999999998 -0.020923923175549662 0.037911648609769498 0.010755774128333749
164 1 0.59999999999999998 -0.20732576000592026 -0.31613424539637974 -0.27024877895381244
165 1 0.59999999999999998 -0.021407752725938041 0.03696554752910048 0.010025885518117941
166 1 0.59999999999999998 -0.023470196467966841 -0.015264074973157085 -0.10167341148978933
167 1 0.59999999999999998 -0.021806123186961329 0.039448992731061942 0.0069452390499715145
168 1 0.59999999999999998 -0.023106599637328938 0.028084292682739678 -0.041989748993894654
169 1 0.59999999999999998 -0.021610413717679532 0.038129150845320071 0.0045106277892970423
170 1 0.59999999999999998 -0.021087031445294283 0.034817596077292304 -0.030833796502966727
171 1 0.59999999999999998 -0.021622611734808797 0.037706454946152677 0.0030146818193864749
172 1 0.59999999999999998 -0.02130350731703283 0.037323228378799263 -0.031359649869120973
173 1 0.59999999999999998 -0.021307243703733023 0.037316008895569359 0.0031141478852566491
174 1 0.59999999999999998 -0.025140572643927824 0.040197383804419479 -0.044247470851370027
175 1 0.59999999999999998 -0.020856768233434433 0.037272682721203883 0.0047435961915066622
176 1 0.59999999999999998 -0.046899899642008754 0.044541818636995141 -0.075020058391589303
177 1 0.59999999999999998 -0.020606210720245852 0.037898490173074041 0.0071306615055789987
178 1 0.59999999999999998 -0.074759885763707803 0.011451517104358846 -0.09340468327037843
179 1 0.59999999999999998 -0.020787371968057938 0.036761064186756794 0.0074434154469797779
180 1 0.59999999999999998 -0.036597256582097892 0.0097737957726741886 -0.07106094492668534
181 1 0.59999999999999998 -0.021260177883959452 0.039334233218452842 0.0060365191795556114
182 1 0.59999999999999998 -0.02376687600740604 0.033443799855104213 -0.035592328445601722
183 1 0.59999999999999998 -0.021501460249473834 0.037823450463313625 0.0039205010148589967
184 1 0.59999999999999998 -0.020477122227915596 0.03687113484762309 -0.031659794084066717
185 1 0.59999999999999998 -0.021803219024156377 0.037596171270782817 0.0032261401900412594
186 1 0.59999999999999998 -0.019000054872468416 0.038403209966250997 -0.030818081024615553
187 1 0.59999999999999998 -0.021808377821361018 0.037390821773495612 0.0030187139928607573
188 1 0.59999999999999998 -0.019431880438794544 0.038823682422324486 -0.032006231301326633
189 1 0.59999999999999998 -0.021495537537805341 0.037409719666360572 0.0033692869872947824
190 1 0.59999999999999998 -0.023188559803987221 0.03933744190221989 -0.036117321331632861
191 1 0.59999999999999998 -0.021082726387629348 0.03786770045129946 0.0043864385690084752
192 1 0.59999999999999998 -0.029875640189095793 0.035087881969436394 -0.042070901820200499
193 1 0.59999999999999998 -0.020899632526017283 0.03645788401769702 0.004402030963839421
194 1 0.59999999999999998 -0.029451672290627996 0.032553758143218793 -0.041792025207096573
195 1 0.59999999999999998 -0.0211074200466803 0.038921035763062044 0.0040189467368037515
196 1 0.59999999999999998 0.041436631363330825 -0.00024955340064942695 -0.012054439343995749
197 1 0.59999999999999998 0.044507635677343386 -0.0020222610909527679 -0.0028896730646132823
198 1 0.59999999999999998 0.045071417160591189 0.006973600002247192 -0.010594417211279607
199 1 0.59999999999999998 0.042342781176612082 -0.0051218199686531877 -0.0012011982350400216
200 1 0.59999999999999998 0.054523777656109079 0.013797324192265275 -0.006742088985964889
201 1 0.59999999999999998 0.038170693383665764 -0.0074685663288601069 0.0018166851941519336
202 1 0.59999999999999998 0.064243000947291504 0.01121467589791097 -0.0039437484649000086
203 1 0.59999999999999998 0.034738669013066097 -0.0057110642399600588 0.003390590271745974
204 1 0.59999999999999998 0.06218398772194586 0.0017199041247018671 -0.0068584256115136345
205 1 0.59999999999999998 0.035750067711504067 -0.0016466932855882957 0.0011680098304535948
206 1 0.59999999999999998 0.051764736556839885 -0.0040090548099394998 -0.011487465341576559
207 1 0.59999999999999998 0.04013265584871159 -0.0002849289541204299 -0.0025755169572322877
208 1 0.59999999999999998 0.043655318538161923 -0.0021415901588025814 -0.010241113148756644
209 1 0.59999999999999998 0.043759808856202634 0.0013688785885608559 -0.0012285190116525814
210 1 0.59999999999999998 0.045329583934048692 -0.00057082662362660324 -0.011985879389830595
211 1 0.59999999999999998 0.042341955649977753 -0.002416003210615874 -0.0029769439121246125
212 1 0.59999999999999998 0.043073901974475762 0.010871346166053454 -0.010026452018044037
213 1 0.59999999999999998 0.043045468067156735 -0.007489221908867312 -0.00055497357880559368
214 1 0.59999999999999998 0.049964975453478028 0.027984035156449455 0.00051540195019565737
215 1 0.59999999999999998 0.040046765251297647 -0.012361086715762849 0.0062208751858095386
216 1 0.59999999999999998 0.073742138598370907 0.034598611243719074 0.021168689651222854
217 1 0.59999999999999998 0.033679434774836689 -0.011131878507881039 0.013793826498896161
218 1 0.59999999999999998 0.089258468580662928 0.0083603465563544446 0.021266766566697369
219 1 0.59999999999999998 0.029668753210360704 -0.0029356346533452376 0.012819781263445988
220 1 0.59999999999999998 0.072325206892490543 -0.010080144233411376 0.0002381740560249919
221 1 0.59999999999999998 0.032805593473929383 0.0015989094884387438 0.0038933939171398417
222 1 0.59999999999999998 0.05421877344259738 -0.0063140019089186449 -0.0076970511496360196
223 1 0.59999999999999998 0.038553728161404836 0.0027295471788853524 0.00049565529004055614
224 1 0.59999999999999998 0.049411361173893421 -0.0075792187541110483 -0.010385792135687398
225 1 0.59999999999999998 0.040370161575031538 0.00063348173854189255 -0.0014637079805390385
226 1 0.59999999999999998 0.041309599572247432 0.0063199693257008985 -0.01091777088802471
227 1 0.59999999999999998 0.044029416677182291 -0.0059299518258042793 -0.00085085598617742702
228 1 0.59999999999999998 0.035611458119706875 0.027555091330709037 -8.8075709104952382e-05
229 1 0.59999999999999998 0.045300254087885385 -0.012972334721142512 0.0069438934763670912
230 1 0.59999999999999998 0.042383052992421934 0.055284595092325833 0.045614237004254168
231 1 0.59999999999999998 0.041966376311704787 -0.014682427456696902 0.021113125156791583
232 1 0.59999999999999998 0.085255763002737517 0.023933492315661529 0.099407331247024028
233 1 0.59999999999999998 0.034385030527051746 -0.0046396568244884461 0.028520452546545009
234 1 0.59999999999999998 0.091543930913714683 -0.029718861545712953 0.045717488366417411
235 1 0.59999999999999998 0.031085759674581187 0.005195491201787421 0.017694463084768727
236 1 0.59999999999999998 0.064941109339978362 -0.02103640577808322 0.0030838249806281934
237 1 0.59999999999999998 0.035063207751437703 0.0073532259636956872 0.0067592595565666314
238 1 0.59999999999999998 0.050377217752577579 -0.019038352442277987 -0.0065662273221063425
239 1 0.59999999999999998 0.040076936206728433 0.0055380536209311835 0.0014992468728520323
240 1 0.59999999999999998 0.042516382443041172 -0.0022856773596759308 -0.011673392429679113
241 1 0.59999999999999998 0.043953774451731452 -0.0016513838249715225 -0.0015386308794836324
242 1 0.59999999999999998 0.032002403776892951 0.01295198315646346 -0.0078393597235217102
243 1 0.59999999999999998 0.048392561457354169 -0.008591948061484278 0.0030752520641729284
244 1 0.59999999999999998 0.011918974575092563 0.034171919642673972 0.019397037491928223
245 1 0.59999999999999998 0.051853920166638277 -0.012044561091205922 0.01619976055848862
246 1 0.59999999999999998 -0.0003285345841467549 0.024161144641177013 0.09858419086723702
247 1 0.59999999999999998 0.049559869438945199 -0.0046307917679681409 0.030581681049864983
248 1 0.59999999999999998 0.042654764301212039 -0.050675176845307084 0.09856117391037969
249 1 0.59999999999999998 0.041974024777205562 0.0076793095297609136 0.027755162466014529
250 1 0.59999999999999998 0.058152997367346054 -0.044494359741443001 0.023294846168663376
251 1 0.59999999999999998 0.038141234466879718 0.012764922740971307 0.014917480941268487
252 1 0.59999999999999998 0.043158700049020282 -0.025579517924670291 -0.0039466113488555851
253 1 0.59999999999999998 0.043065636180987098 0.0084341587374019127 0.0034501421660958218
254 1 0.59999999999999998 0.043542455611356841 -0.0085024888757669823 -0.01147090029058356
255 1 0.59999999999999998 0.043513721238907996 0.0020770683696746707 -0.0017655142206051294
256 1 0.59999999999999998 0.037704907354673689 0.0019705566692760157 -0.011999897752960259
257 1 0.59999999999999998 0.04704639373303119 -0.0035379891470150378 -0.001106778969538632
258 1 0.59999999999999998 0.022949353996504957 0.010707188834860312 -0.0055970993817597058
259 1 0.59999999999999998 0.052733587281784816 -0.0064875847508334078 0.0053598241194917056
260 1 0.59999999999999998 -0.0028837065186970673 0.0085511851295577736 0.019099714541390925
261 1 0.59999999999999998 0.057108468482856292 -0.0029187277609728345 0.015928026924894353
262 1 0.59999999999999998 -0.0059315753025963721 -0.02922292591811209 0.044485397546929713
263 1 0.59999999999999998 0.054447790636941863 0.0061271073099980564 0.020071002710583898
264 1 0.59999999999999998 0.027652662718460889 -0.044184871689117715 0.022899906899223679
265 1 0.59999999999999998 0.04723009295434881 0.01337761476159016 0.015619918207922134
266 1 0.59999999999999998 0.036079421628947929 -0.018450284052241445 -0.0067882104264641134
267 1 0.59999999999999998 0.046319753720850128 0.0063441565497799586 0.0018217662958003452
268 1 0.59999999999999998 0.043327783544101599 -0.0081881425113783241 -0.011367123180917102
269 1 0.59999999999999998 0.043362323844916541 0.0024692054933572551 -0.0018660793772628649
270 1 0.59999999999999998 0.043714526111713316 -0.0012669561862363459 -0.012618659399862255
271 1 0.59999999999999998 0.043778277727281587 -0.0013041431387842497 -0.002830369722591021
272 1 0.59999999999999998 0.037905882711642497 0.0023054086344499545 -0.012047501734735526
273 1 0.59999999999999998 0.047346987495611191 -0.003030019635889768 -0.0011569904936982616
274 1 0.59999999999999998 0.02554667090685055 0.0017849167123045425 -0.0081778143573195978
275 1 0.59999999999999998 0.052398733554820678 -0.0016356510597309512 0.0027491884277865719
276 1 0.59999999999999998 0.014706236538172502 -0.0094786171527334404 -0.001237883044734225
277 1 0.59999999999999998 0.054645025159059037 0.002396487516274613 0.0058369185784532531
278 1 0.59999999999999998 0.02151021805953748 -0.020280372005712161 0.0022112851974954457
279 1 0.59999999999999998 0.051494888085156891 0.0084816629867447736 0.0079800167981317251
280 1 0.59999999999999998 0.037277981943156312 -0.0068488739402828725 -0.010596873584003226
281 1 0.59999999999999998 0.046388805889536158 0.0015619817341896516 -0.0011825974595510221
282 1 0.59999999999999998 0.044216235458117842 -0.0015351233370656393 -0.011370401310803344
283 1 0.59999999999999998 0.042810290862869048 -0.00072365712842255769 -0.0018516172563774903
284 1 0.59999999999999998 0.049535195213518957 0.0025408220580935073 -0.011328316550209992
285 1 0.59999999999999998 0.040322300578454866 -0.0028184028101867356 -0.0018477857013054115
286 1 0.59999999999999998 0.049915310895607336 0.0024979743838287249 -0.011479656874703337
287 1 0.59999999999999998 0.04073810933332514 -0.0027669784748973344 -0.0017974478747937463
288 1 0.59999999999999998 0.044016232054854089 0.00031053506587471483 -0.011972531789072429
289 1 0.59999999999999998 0.044185260835085852 -0.0012507707990888702 -0.0018465372457371493
290 1 0.59999999999999998 0.035954452825517173 -0.0037835759998659652 -0.012021882964374446
291 1 0.59999999999999998 0.04792226439379884 -1.334199550077298e-05 -0.001944058476240802
292 1 0.59999999999999998 0.032897200573513384 -0.00575012544750298 -0.00828397975361146
293 1 0.59999999999999998 0.048785529549992872 0.0034550428011482989 0.001212404549826738
294 3 1.8 -0.21350851164896045 -0.34767551453782225 -0.048785083986936019
295 3 1.8 -0.18957028510562157 -0.33359594336605453 0.025612352944523246
296 3 1.8 -0.19655123547916839 -0.32722277567710828 -0.048571239267776525
297 3 1.8 -0.19352172386456026 -0.3295356832811262 0.026749958912175648
298 3 1.8 -0.1726588454834326 -0.30910037075752311 -0.050041759725124174
299 3 1.8 -0.19831956393674061 -0.33295062819945009 0.027702889877559644
300 3 1.8 -0.15486001672609653 -0.30702333076957378 -0.050798803413636004
301 3 1.8 -0.20064725837058095 -0.33330759996712345 0.028447311307054298
302 3 1.8 -0.1627337964964565 -0.32037907819224953 -0.05023700417637296
303 3 1.8 -0.19831958911785202 -0.33136233736872056 0.027744433190971265
304 3 1.8 -0.1898399257576685 -0.33359229651679101 -0.048837528613630415
305 3 1.8 -0.19300310191295714 -0.33109698271287957 0.027345255269325561
306 3 1.8 -0.21238919537397261 -0.32180633320540303 -0.048843612950177744
307 3 1.8 -0.1890779127343557 -0.30954177965269969 0.026163485619321768
308 3 1.8 -0.19304871281971048 -0.33674946191939242 -0.045878351196005508
309 3 1.8 -0.19380925553520184 -0.33648413865285465 0.022846435042420697
310 3 1.8 -0.19377464978531611 -0.30595405491223199 -0.048001437216220237
311 3 1.8 -0.19417327923411221 -0.33450103040125717 0.026477935657666912
312 3 1.8 -0.16553561425432639 -0.26056150824699031 -0.052097633778167451
313 3 1.8 -0.19853685664494819 -0.33914740784963288 0.033059073022989625
314 3 1.8 -0.090575065373300651 -0.22990531617353743 -0.048417627134163234
315 3 1.8 -0.20447469536211765 -0.33859466998260906 0.039258779487933451
316 3 1.8 -0.055583705104012365 -0.28666413018001546 -0.04704739926714252
317 3 1.8 -0.20706848210401591 -0.33325867937198755 0.038792936668025788
318 3 1.8 -0.1162463063782028 -0.33975700699492395 -0.049061553566084409
319 3 1.8 -0.20364533610272514 -0.33064584500439315 0.032757972948494668
320 3 1.8 -0.17010560610902384 -0.32381053677467653 -0.047046549128113062
321 3 1.8 -0.19756561016136587 -0.31001255121349902 0.025489796502934651
322 3 1.8 -0.17277324031705291 -0.35140193174598328 -0.047487442854815841
323 3 1.8 -0.19823018607572554 -0.33460613558517388 0.025081354652896692
324 3 1.8 -0.19562453043017602 -0.30824158286447162 -0.048505378635143613
325 3 1.8 -0.19437426014427706 -0.33509334490408699 0.026621162109624237
326 3 1.8 -0.19763476756886758 -0.2279274303548941 -0.052211047106988449
327 3 1.8 -0.19485629959979625 -0.34257350987324625 0.036306216936192535
328 3 1.8 -0.092265361363340292 -0.025728719388104525 0.012350474887985676
329 3 1.8 -0.20024964228700981 -0.34388692321352937 0.050454898202247106
330 3 1.8 0.27362823333012909 -0.056363411823770006 0.16895666101177592
331 3 1.8 -0.20734645649365988 -0.33629527139719578 0.056958344279318188
332 3 1.8 0.12132976651831054 -0.38983150758113738 0.019784731451212498
333 3 1.8 -0.20928636584117372 -0.32903643060860249 0.049236252597485292
334 3 1.8 -0.10191708390215246 -0.36634237024101834 -0.046395104921811953
335 3 1.8 -0.20450351562884844 -0.30667867940750621 0.034219775564769142
336 3 1.8 -0.14972748053064852 -0.39979777816706896 -0.050375617212350315
337 3 1.8 -0.20047257820068942 -0.32896219308947372 0.031529235701590497
338 3 1.8 -0.1913991487777085 -0.33201380030789424 -0.049276230710702702
339 3 1.8 -0.19474725450864872 -0.33084580917021111 0.026985673855813078
340 3 1.8 -0.22533947851354072 -0.26696024662093643 -0.056504822410102656
341 3 1.8 -0.19050741211648842 -0.34025515397182848 0.034169668845335455
342 3 1.8 -0.30942525402878407 -0.03305732606398195 0.0020786347036716277
343 3 1.8 -0.19023080379196156 -0.34443406284740669 0.051730923856183185
344 3 1.8 -0.21000833129460297 0.60437735274712889 1.0279719079041083
345 3 1.8 -0.1957580331327631 -0.33801916815852479 0.067815484250802555
346 3 1.8 0.59654509414233947 -0.80160252925216235 1.0191013986656277
347 3 1.8 -0.20299787618807114 -0.32731153304792104 0.066745588303533054
348 3 1.8 0.009863905849048088 -0.55768766208340359 0.017772364807592367
349 3 1.8 -0.20459143956127737 -0.30128654333662669 0.048403090666346994
350 3 1.8 -0.16351244207533458 -0.47602470368377231 -0.048130398456993559
351 3 1.8 -0.19770520408198788 -0.32342843943275745 0.038126206794536287
352 3 1.8 -0.18708323544495287 -0.36059299416180379 -0.050012656014646349
353 3 1.8 -0.19496589225223707 -0.32483255708704734 0.027966144294862404
354 3 1.8 -0.21322287164633269 -0.31471721816864184 -0.053529608235850061
355 3 1.8 -0.1895634714020441 -0.33421253037236998 0.028865328302565045
356 3 1.8 -0.29492390549689484 -0.23892653705012115 -0.060784008074537779
357 3 1.8 -0.18404628542959903 -0.33967297516198602 0.041685047215379696
358 3 1.8 -0.66574237170359041 -0.061158008488269348 0.13973293787662658
359 3 1.8 -0.18256415280207897 -0.33655829991055519 0.059835099403390685
360 3 1.8 -1.0038268946768338 -0.79428833328154258 1.0004469868122037
361 3 1.8 -0.1878991263782798 -0.32695184359103696 0.068338501988969014
362 3 1.8 -0.20020633824969647 -0.846698591181125 0.16075296771981268
363 3 1.8 -0.19512278547804132 -0.2980702877684957 0.056658560297040181
364 3 1.8 -0.22816847014942551 -0.47300437707091209 -0.049568451873299259
365 3 1.8 -0.19143167690569601 -0.32280598177493208 0.03854029429466499
366 3 1.8 -0.19400765927179728 -0.37345526271952051 -0.050556950577070901
367 3 1.8 -0.19407491106906377 -0.32163676155705101 0.028628313138701639
368 3 1.8 -0.19783978449692749 -0.33527990255255974 -0.048251021171308792
369 3 1.8 -0.19188994458275346 -0.32924008496160145 0.024929004393778889
370 3 1.8 -0.22636687406735187 -0.31093218785721322 -0.05590797030054287
371 3 1.8 -0.18621114513871018 -0.33405212162580045 0.030035797957097619
372 3 1.8 -0.32256332628344248 -0.2889378469771941 -0.060804545769066666
373 3 1.8 -0.18026717367877196 -0.33352810832802443 0.041630813327601074
374 3 1.8 -0.50415621120012455 -0.38239014773589947 0.00081477193900994559
375 3 1.8 -0.1792514109218846 -0.32834407359286383 0.052212635029739531
376 3 1.8 -0.40185780631202672 -0.54876028827838674 0.0089731013395804894
377 3 1.8 -0.18466621960644058 -0.30022191511495744 0.050106139590228263
378 3 1.8 -0.23842332751879766 -0.39414844054945902 -0.05280182035830594
379 3 1.8 -0.18794285521736476 -0.32763050206440814 0.032334075373901837
380 3 1.8 -0.20058571304701209 -0.35694598344590195 -0.049817931435569673
381 3 1.8 -0.19316879142308838 -0.32379700351076951 0.027859379993366684
382 3 1.8 -0.18679325404412045 -0.33330328983873603 -0.047156007358004501
383 3 1.8 -0.19535125728110811 -0.32871380951730678 0.024480954064630182
384 3 1.8 -0.19060668001250891 -0.32320533217323577 -0.048287668405438397
385 3 1.8 -0.19316503368338522 -0.33151176386167813 0.02490248452371319
386 3 1.8 -0.21603764873386089 -0.32093285357915319 -0.053517676856127447
387 3 1.8 -0.18770088910037466 -0.33146598340139444 0.028798617925676225
388 3 1.8 -0.26284360508075533 -0.33700233412867631 -0.055858653514392405
389 3 1.8 -0.18295766920310447 -0.33017996791195892 0.034670376287998975
390 3 1.8 -0.28197681597209939 -0.35986883602030906 -0.052564352463577269
391 3 1.8 -0.1830659944942617 -0.30551412972291164 0.03597815156817824
392 3 1.8 -0.2001628826509228 0.34012932263672296 0.0046771974640403965
393 3 1.8 -0.19020891330153089 0.33444306154897768 -0.014229354623588906
394 3 1.8 -0.18858112822599263 0.35110799954447303 0.0089558093855966678
395 3 1.8 -0.20746512601813452 0.31803921121988615 -0.0098823526587292904
396 3 1.8 -0.17465095418063778 0.35556659161505644 0.014626919716113886
397 3 1.8 -0.22886898910375233 0.31112631919617628 -0.0024731125507398465
398 3 1.8 -0.16985651528002454 0.34863560723208986 0.014724217716859805
399 3 1.8 -0.23436720698250155 0.32518804011008695 -0.0028095619084448731
400 3 1.8 -0.17987164347895498 0.34026719801323319 0.0096709140339168408
401 3 1.8 -0.21485571174737336 0.3418396833640176 -0.009712003828925132
402 3 1.8 -0.19494480030867589 0.31761544068890568 0.0042618559911680592
403 3 1.8 -0.19245383142373346 0.33014620710037146 -0.0146522856426802
404 3 1.8 -0.2031672020868748 0.34242979969273335 0.0026123154214208267
405 3 1.8 -0.18384949008997484 0.35366688835787535 -0.015866610375190503
406 3 1.8 -0.19592433900970591 0.34601777890854413 0.0034502477178081285
407 3 1.8 -0.19599376528899529 0.32373602048455918 -0.015055920755005529
408 3 1.8 -0.19214787309087433 0.36466863530002042 0.014393847648483553
409 3 1.8 -0.20445508672314339 0.29470164816248628 -0.0031590123551319383
410 3 1.8 -0.17424205572720927 0.376989292536131 0.036251914106784376
411 3 1.8 -0.23725247979943426 0.26823262888909916 0.028137968076939281
412 3 1.8 -0.15196604073367684 0.36457392094177948 0.050303102098376101
413 3 1.8 -0.28157564933511914 0.29253325260690638 0.053266800539322388
414 3 1.8 -0.15091415817731127 0.34033128144226144 0.037863985677260001
415 3 1.8 -0.27316843207983066 0.3441051286117735 0.025023720807212917
416 3 1.8 -0.16971508197616017 0.31237253185831915 0.015217661232393681
417 3 1.8 -0.23190996183907747 0.33728700961963892 -0.0064607212618973094
418 3 1.8 -0.18780918568374402 0.34189963431477843 0.0030226610347469374
419 3 1.8 -0.20471773975294133 0.35166569102328699 -0.016863069494575961
420 3 1.8 -0.19163833791657642 0.33909498345818162 0.0047128363758233149
421 3 1.8 -0.20128551914720785 0.33070978541306117 -0.01420618753153861
422 3 1.8 -0.20063941647990791 0.3640489316663913 0.013935140861765958
423 3 1.8 -0.19128969472393562 0.29145618457059819 -0.0013993751939897212
424 3 1.8 -0.19702655801739496 0.38890478129544398 0.048959338849870422
425 3 1.8 -0.20269651072415568 0.23716363319620443 0.053357083821534888
426 3 1.8 -0.17079390437563957 0.38473961495219189 0.098484471396810561
427 3 1.8 -0.26112068321601239 0.23722601916854166 0.15891724806451774
428 3 1.8 -0.14382510762657144 0.34048423891756385 0.10029331396259236
429 3 1.8 -0.31614058288077301 0.34847068052288199 0.15038733497449658
430 3 1.8 -0.15169051376331891 0.29652270064294484 0.051054353698828735
431 3 1.8 -0.27766189125791951 0.3691481523652887 0.041723300157019937
432 3 1.8 -0.17450458932678925 0.3287803783889216 0.014832300508759238
433 3 1.8 -0.22725434433442326 0.37017419206810492 -0.0068107900964939948
434 3 1.8 -0.18834560119369409 0.3235239218061044 0.0093108663054458467
435 3 1.8 -0.20727021269840887 0.35308622264824951 -0.010012653846697099
436 3 1.8 -0.20341715611397232 0.34978999159641339 0.0080620933729667211
437 3 1.8 -0.18419547593501956 0.31218556583110563 -0.0070414111334038808
438 3 1.8 -0.21878410429653233 0.3759580985057473 0.034477605031019411
439 3 1.8 -0.15854178061697785 0.25903826327448587 0.038004669353583105
440 3 1.8 -0.22372487048701903 0.38441969633912326 0.0968776093498563
441 3 1.8 -0.15049560783845792 0.23027462997451764 0.17870735938630997
442 3 1.8 -0.19753402893921282 0.34066959086736481 0.14433110827848267
443 3 1.8 -0.21178672486256073 0.34862542063867824 0.27576502287739052
444 3 1.8 -0.17045991902614549 0.27653624875955074 0.099467531691417796
445 3 1.8 -0.26376702639834793 0.42158277082413181 0.14990103480626041
446 3 1.8 -0.1739463134870349 0.30732710207024044 0.03666639125037062
447 3 1.8 -0.23850270154880912 0.4113555712105838 0.024022965000266686
448 3 1.8 -0.19174573757539037 0.3099988718054521 0.014963884762365163
449 3 1.8 -0.2037465685121618 0.37770485584101621 -0.002427297907225475
450 3 1.8 -0.19975104733014945 0.33459521278804977 0.0038073457754925467
451 3 1.8 -0.18862396581497176 0.33733863592768087 -0.012417525929025532
452 3 1.8 -0.21662859151778238 0.35444310592254008 0.01279947970002723
453 3 1.8 -0.15838128434349277 0.30463705072254882 0.0041458162214087525
454 3 1.8 -0.2401769636858673 0.36395799227369896 0.047301553130879463
455 3 1.8 -0.10447713678148421 0.28554985941253597 0.072967979226827254
456 3 1.8 -0.24966973485387889 0.34081283466741891 0.097472831763134093
457 3 1.8 -0.079564723703619389 0.35423890300972494 0.17950879572666098
458 3 1.8 -0.223419019089346 0.27709824262963917 0.098253953869068794
459 3 1.8 -0.140796157572079 0.42900342613444797 0.1592271342652119
460 3 1.8 -0.19662702047018463 0.29544871858854743 0.049704010274961498
461 3 1.8 -0.19909584786552023 0.44387630807431205 0.053066129722899702
462 3 1.8 -0.20032115222308755 0.31058289143198808 0.01486347012675758
463 3 1.8 -0.18890874895535748 0.379904989810745 -0.0020821034845482493
464 3 1.8 -0.1955530002531585 0.32875584779631245 0.0029377985983929248
465 3 1.8 -0.19466989131542492 0.34907700506201361 -0.014205259992730491
466 3 1.8 -0.20268158593966154 0.34210703496257133 0.0022102262000257326
467 3 1.8 -0.18118181232600505 0.3297104415760555 -0.01237905158939696
468 3 1.8 -0.22033841501439572 0.34822222201777425 0.012796325212513626
469 3 1.8 -0.14806002447913749 0.32264946366059516 0.0041555886240148467
470 3 1.8 -0.24004570063099118 0.34066916742536407 0.035073997656503923
471 3 1.8 -0.10859831668771384 0.34688122016540152 0.038704476038903118
472 3 1.8 -0.24031406737271477 0.297635641023836 0.048737206374233712
473 3 1.8 -0.11159329339586657 0.37839826876691335 0.053395788454899978
474 3 1.8 -0.2186930018404934 0.30843074915897573 0.035650864282340336
475 3 1.8 -0.15588342792792806 0.41751733669059482 0.027834442148014692
476 3 1.8 -0.20351109048379537 0.3248233086753915 0.00916666812070226
477 3 1.8 -0.18423543839871398 0.35783189492301237 -0.0095953156119386214
478 3 1.8 -0.19156372609678821 0.3355893717969291 0.0044020901515212816
479 3 1.8 -0.20095410284075299 0.3410820110554395 -0.013919408407439576
480 3 1.8 -0.18763971825451364 0.34256009533294129 0.002909704367723719
481 3 1.8 -0.20473120062875949 0.33168903107688247 -0.014277168395190507
482 3 1.8 -0.19479618153744085 0.34348117490369395 0.0037759688719661384
483 3 1.8 -0.19154672306375578 0.33247211149578454 -0.012481432277304643
484 3 1.8 -0.20978794597238884 0.34039821968976958 0.008632791644883616
485 3 1.8 -0.1675455998467841 0.34252695485656293 -0.0064529806402868518
486 3 1.8 -0.22068529050672422 0.31314473159054934 0.013694186747435593
487 3 1.8 -0.15305182912072449 0.34133951799934065 -0.0015569755245946539
488 3 1.8 -0.21706316270124928 0.33004656905200452 0.013767556328430769
489 3 1.8 -0.16250632702948473 0.37575987758234108 -0.0036663174363265904
490 6 1.8 0.39373429276143196 -0.013610528867609778 -0.054238242537086839
491 3 1.8 0.38962378420502325 -0.011316216897598324 0.041064252643387839
492 6 1.8 0.38624810678143101 -0.02405298250743387 -0.067749019651522024
493 3 1.8 0.39055109149319767 -0.0064621169570373291 0.043194515512074545
494 6 1.8 0.36405506366178425 -0.047872532868453797 -0.095720305906081063
495 3 1.8 0.39275739451733144 -0.0053118343939199597 0.047034513698269768
496 6 1.8 0.32526594209002468 -0.043324693246442926 -0.11486239443235993
497 3 1.8 0.39469567377134901 -0.0059948859335591199 0.04887740218447708
498 6 1.8 0.34999379465340669 -0.0060347924792729579 -0.095511799144148812
499 3 1.8 0.39469438198804147 -0.0077685772951969333 0.046780922712250039
500 6 1.8 0.38332298941712828 -0.010642559072270442 -0.066663474062418085
501 3 1.8 0.39267020582788431 -0.018040039909652295 0.04394957703224045
502 6 1.8 0.39414602739588683 0.0067583518874063508 -0.055280607197381239
503 3 1.8 0.39045546476917975 0.0019499361855767024 0.039928415815595183
504 6 1.8 0.38869307291075628 -0.017061707838333256 -0.054161679351023201
505 3 1.8 0.39104023467137211 -0.011524838747161771 0.041045984666810066
506 6 1.8 0.38727597931342417 -0.035072357513924006 -0.072552024602386828
507 3 1.8 0.39013024075730596 -0.0055587759688444094 0.04369250119645255
508 6 1.8 0.36802024015296558 -0.097818840301537147 -0.14760159441832271
509 3 1.8 0.39123889227824926 -0.0033851070064513118 0.051449986762805662
510 6 1.8 0.1831227892447404 -0.33269502958608693 -0.30414686325014756
511 3 1.8 0.3939092755403531 -0.0040137777377459247 0.058285228417742613
512 6 1.8 0.014073102058889606 -0.00075878853223163446 -0.30243166715920466
513 3 1.8 0.39602545840857228 -0.0071875264195586331 0.057967129459689716
514 6 1.8 0.32304624300761459 0.014096375564018345 -0.14534097985225139
515 3 1.8 0.39556502796513521 -0.018898555011992901 0.05198260347954816
516 6 1.8 0.37737844405656923 0.010060062741065709 -0.072681849261741663
517 3 1.8 0.39327091383573709 0.0009337301320655805 0.042970256645724576
518 6 1.8 0.38083500224083522 -0.0090669783417785983 -0.066994127301162554
519 3 1.8 0.39205547990039674 -0.013519084734921603 0.043620946504580635
520 6 1.8 0.39246981511909612 -0.033407033570961586 -0.067848493376445981
521 3 1.8 0.38980435309450057 -0.0068395729099360062 0.043205978480998962
522 6 1.8 0.39264944016116549 -0.11978914675641633 -0.14813808260959166
523 3 1.8 0.38873010325770924 -0.0035618688054786869 0.051485228990558608
524 6 1.8 0.29713890053198866 -0.57923232861177176 -0.55794551740627496
525 3 1.8 0.38982600189193012 -0.0031209960940029591 0.062936440995040324
526 6 1.8 0.2529701038562121 0.085354870530197177 -1.7026560924238459
527 3 1.8 0.39271410970004611 -0.0066485615346974919 0.068214139086017533
528 6 1.8 -0.019065981664831179 0.21729217103173701 -0.54631336644561568
529 3 1.8 0.39471150510450559 -0.020018863311114053 0.063391393404493637
530 6 1.8 0.32889134042018142 0.045015091192494978 -0.14681353098583408
531 3 1.8 0.39418895670043019 -0.0012086330775914174 0.050537636950555319
532 6 1.8 0.36770359626908294 0.022190107330220133 -0.09498636145048045
533 3 1.8 0.39182181350863649 -0.015922731795094743 0.047306660084258108
534 6 1.8 0.39308742599860241 -0.017106992514972209 -0.062082171162815905
535 3 1.8 0.38999187157139487 -0.0093038816861308014 0.042379275802255464
536 6 1.8 0.42263060540242925 -0.070750189010100745 -0.096369815975840586
537 3 1.8 0.38762044166586657 -0.005701643483143802 0.047106632049271263
538 6 1.8 0.64212418804849847 -0.46559364091704608 -0.30813752683559359
539 3 1.8 0.38607836640984317 -0.0041911483768058656 0.058396090866722317
540 4 2.3999999999999999 0.0023073214789244467 0.11678406023943308 -1.7929502052620607
541 3 1.8 0.38695371023987685 -0.0066385310948040999 0.068296816792426468
542 6 1.8 0.1758893854976519 -0.054191777719790619 -1.7037763913553001
543 3 1.8 0.38978382465412492 -0.020489595220756576 0.069067281408954698
544 6 1.8 0.19382955027444235 0.32629567018806377 -0.30308426336471994
545 3 1.8 0.39192654976828062 -0.0029778258801568354 0.05737672910838091
546 6 1.8 0.38773836893525088 0.06253707349530542 -0.11459685944072075
547 3 1.8 0.39017529851969568 -0.016874490369698198 0.049139933283643647
548 6 1.8 0.39073280291701856 0.00025810447286630784 -0.06176754391739072
549 3 1.8 0.39027660524349972 -0.011090746241408782 0.04199631881872537
550 6 1.8 0.40921499359407504 -0.024898899144145201 -0.061892145637755434
551 3 1.8 0.38859250725529026 -0.0080062916419818882 0.042202909129307777
552 6 1.8 0.48736721519128984 -0.064799378907766339 -0.11619426405173425
553 3 1.8 0.38599289036079915 -0.0062112949178680299 0.048998906977257957
554 6 1.8 0.91208547604818468 0.0013224191195514217 -0.30838112831068654
555 3 1.8 0.38428627501755219 -0.0071675438507968802 0.05813261001788575
556 6 1.8 0.83980760135260224 0.34811606301982928 -0.55720263126394221
557 3 1.8 0.38517492107189094 -0.019815607276356142 0.063526324827160738
558 6 1.8 0.56849518326723314 0.34619806474165515 -0.30504588043059322
559 3 1.8 0.38800917026344328 -0.002795795396953564 0.057431421772174404
560 6 1.8 0.41135137118236814 0.031018565440440678 -0.095402601625443742
561 3 1.8 0.38860376486279213 -0.015544131875476454 0.047350103961538305
562 6 1.8 0.39214307992687447 0.0036709348687246372 -0.061779258798452162
563 3 1.8 0.39039890057454685 -0.010884290143779498 0.04199423878716263
564 6 1.8 0.39443862327397061 -0.011027655822274043 -0.052258418357693515
565 3 1.8 0.39051675563598043 -0.0088360019075611456 0.040195401882967663
566 6 1.8 0.41384155209000517 -0.016987818250829394 -0.061839328010647066
567 3 1.8 0.38883603622466639 -0.0075714009530242002 0.042255997676960075
568 6 1.8 0.46031959767577946 -0.0056504857482802089 -0.096577372343473605
569 3 1.8 0.38635430264064524 -0.0077535089022261932 0.046896468844050139
570 6 1.8 0.4879921984331097 0.035982610809648874 -0.14747841351433086
571 3 1.8 0.38499786709770989 -0.018651813602547453 0.052128917285933489
572 6 1.8 0.45686965549020725 0.066819110415003727 -0.14841573983905015
573 3 1.8 0.38611873531191171 -0.00080414121144106385 0.050648739435732004
574 6 1.8 0.40177941685316199 -0.00032402940974909862 -0.067275296934349985
575 3 1.8 0.38851462858595165 -0.013048043614321396 0.043668058858793928
576 6 1.8 0.38975166736056649 -0.0082073988080201988 -0.062045794477578575
577 3 1.8 0.3905556873222551 -0.0088371580782389131 0.04237043019717595
578 6 1.8 0.38069641362664525 -0.016293980586977404 -0.06162259361285384
579 3 1.8 0.39224997428999714 -0.0076987808728901713 0.042152183116970131
580 6 1.8 0.38296049685530364 -0.013489860884813557 -0.061558144034948428
581 3 1.8 0.39236764698512572 -0.0074766644110936704 0.042207353525927999
582 6 1.8 0.39912721234795462 -0.0068143106557621447 -0.062134664498757181
583 3 1.8 0.3906775744511099 -0.0079950307640905393 0.04232718458099978
584 6 1.8 0.41287980214395487 -0.0069927040991511836 -0.067044189253131728
585 3 1.8 0.38839092791044194 -0.017932153447864519 0.044008151344873833
586 6 1.8 0.41180175841689387 0.018551402211626936 -0.073199290985650992
587 3 1.8 0.38746450820343642 0.0012531839320812691 0.043048682532925181
588 5 -1.2 -0.033736275099785426 -0.24993893262562775 -3.1047309620970283
589 5 -1.2 -0.052148835277454807 -0.26069333557316743 -3.1064221414375051
590 5 -1.2 -0.041739436372996458 -0.25054465218311606 -3.1025330834345013
591 5 -1.2 -0.044364913675760641 -0.24868728914946375 -3.1041487688145208
592 5 -1.2 -0.052800289501185919 -0.25855296036119163 -3.1043341750997704
593 5 -1.2 -0.03459894405310452 -0.24183920459701153 -3.1060623654240218
594 5 -1.2 -0.060032150071336172 -0.25948983405452064 -3.1056193529362042
595 5 -1.2 -0.029045924742635669 -0.24163535268863606 -3.1074653012135922
596 5 -1.2 -0.056316098194421328 -0.25426907262644693 -3.1040394638688689
597 5 -1.2 -0.033890237288687314 -0.24735733131430981 -3.1059581153767675
598 5 -1.2 -0.044179911329918768 -0.25319695284097998 -3.1017667748181843
599 5 -1.2 -0.045343805145984781 -0.25705022635175329 -3.1039701967117139
600 5 -1.2 -0.034126351178182759 -0.23083023152869417 -3.0997618320050924
601 5 -1.2 -0.05315272509169193 -0.24201931455559278 -3.1018498986943994
602 5 -1.2 -0.04345371189857971 -0.25509454921932245 -3.1022509323522325
603 5 -1.2 -0.043738444087142316 -0.25479333638356272 -3.1035559636989944
604 5 -1.2 -0.043058159521285125 -0.26058046364515008 -3.1025100577163851
605 5 -1.2 -0.042819571382161532 -0.23879727574393916 -3.1041744933450559
606 5 -1.2 -0.053343581009470051 -0.27499392897505853 -3.1121399013889253
607 5 -1.2 -0.033148062496582996 -0.22699534219188205 -3.1134455549043003
608 5 -1.2 -0.07265041422510865 -0.27828923460848359 -3.1248562382376628
609 5 -1.2 -0.016883098919580206 -0.22577912582893545 -3.1251895445324642
610 5 -1.2 -0.082644675427019823 -0.26203429521017302 -3.1249778040441272
611 5 -1.2 -0.0096032600148149242 -0.24171404677527331 -3.1241206652559104
612 5 -1.2 -0.070877930757432581 -0.25119916466065567 -3.1120058202379295
613 5 -1.2 -0.021027207696287385 -0.25860222437384434 -3.1111903263768577
614 5 -1.2 -0.053482458103342879 -0.23038812017882593 -3.1003712747766259
615 5 -1.2 -0.035980429356135782 -0.2410201976332772 -3.1007859166060121
616 5 -1.2 -0.053029415253849202 -0.24901655716590168 -3.1052036048504612
617 5 -1.2 -0.035174410937523957 -0.25876899616742333 -3.1056370354438676
618 5 -1.2 -0.042961963962214279 -0.26003669180686162 -3.1023725801981463
619 5 -1.2 -0.042889724238216999 -0.23763565610632056 -3.1044554481402602
620 5 -1.2 -0.042452963928291301 -0.28360680490149404 -3.1167348712216554
621 5 -1.2 -0.04147670120501111 -0.21792076035946312 -3.1189101337469811
622 5 -1.2 -0.060494632210603708 -0.30284487718230108 -3.1529336606075926
623 5 -1.2 -0.025507896704713179 -0.20559955772007818 -3.1502260372157718
624 5 -1.2 -0.09478089505074902 -0.28061047300791608 -3.1811774983387888
625 5 -1.2 -3.4702723949124411e-05 -0.22859921009750353 -3.170834480608884
626 5 -1.2 -0.097926503157287403 -0.24400858993406882 -3.1533725986132453
627 5 -1.2 0.001764415491467005 -0.26505233854877225 -3.1448552099009652
628 5 -1.2 -0.073020111663776519 -0.21852104086508722 -3.1153587768821622
629 5 -1.2 -0.018429377785111695 -0.25019721971963388 -3.1126002026179043
630 5 -1.2 -0.059566694782660322 -0.23282395647198806 -3.1147309838915942
631 5 -1.2 -0.028580224253356247 -0.27221566070914932 -3.1140102125798639
632 5 -1.2 -0.044557298772736391 -0.24935195211449854 -3.1023138340344039
633 5 -1.2 -0.042044502460813198 -0.24621134206940948 -3.104554967701556
634 5 -1.2 -0.032236845767373928 -0.27391190274468707 -3.1110737747425512
635 5 -1.2 -0.051741255460005312 -0.22410727208795092 -3.1157653102121037
636 5 -1.2 -0.023624384688092605 -0.3022462643526031 -3.1516004836550211
637 5 -1.2 -0.054881989306746495 -0.20310110248734287 -3.1544315016619087
638 5 -1.2 -0.041475457280411361 -0.29522206499758935 -3.2277200104153185
639 5 -1.2 -0.037408091496566841 -0.21861023708246646 -3.2088611342787741
640 5 -1.2 -0.080801231920247976 -0.23203946025897948 -3.2280691306798941
641 5 -1.2 -0.010739255157623084 -0.27341871751973607 -3.2013203482616546
642 5 -1.2 -0.079093659157346646 -0.19339875204161819 -3.1510930552468541
643 5 -1.2 -0.011658369421093088 -0.26959030081040158 -3.1427608913571667
644 5 -1.2 -0.052240112020448828 -0.21521383216217149 -3.1269159386436587
645 5 -1.2 -0.033748063078385016 -0.28827046060516165 -3.1262648482439142
646 5 -1.2 -0.045906150154084439 -0.23616276412632109 -3.1039657229786606
647 5 -1.2 -0.040922148064912914 -0.25877683034085175 -3.1059608469426694
648 5 -1.2 -0.033870002799242578 -0.25736493982777808 -3.103265035502472
649 5 -1.2 -0.052772290989756984 -0.23909032763332666 -3.108056805836358
650 5 -1.2 -0.01348849903558641 -0.27717315955522476 -3.1224561062986669
651 5 -1.2 -0.070052696802636927 -0.22213841904791859 -3.1311544843113799
652 5 -1.2 0.010027032347957808 -0.28031186771623079 -3.1781079698695476
653 5 -1.2 -0.083308141598782734 -0.22714659028873235 -3.181660119347169
654 5 -1.2 -0.0028643656423342516 -0.23245117975693902 -3.2263433578401082
655 5 -1.2 -0.067744325630217012 -0.2755287291273889 -3.2078584159831496
656 5 -1.2 -0.042094067850048864 -0.17586444786100217 -3.1777089521581203
657 5 -1.2 -0.040375756771640153 -0.28398265901102904 -3.1678486943727555
658 5 -1.2 -0.033284766506871781 -0.21580662971424644 -3.1265228256243272
659 5 -1.2 -0.050851355634574331 -0.2897122005122762 -3.1270657571531588
660 5 -1.2 -0.043188932761670379 -0.23035105114772428 -3.105325223816533
661 5 -1.2 -0.043214768738726428 -0.26566045045003789 -3.1072573142049404
662 5 -1.2 -0.040419725652452554 -0.24731311400653774 -3.0999831878137662
663 5 -1.2 -0.047305043622118403 -0.24998457099445343 -3.1033392074749062
664 5 -1.2 -0.027600604110808915 -0.25876632320690612 -3.1041420326429967
665 5 -1.2 -0.06057304076822604 -0.23979809998353591 -3.1103294472486804
666 5 -1.2 -0.0046607286912345317 -0.26175333172518228 -3.1221875978085798
667 5 -1.2 -0.080558502177948452 -0.24079227679574042 -3.1308698218291897
668 5 -1.2 0.011764572551177003 -0.24474927954920181 -3.1503509677605339
669 5 -1.2 -0.08934227199310632 -0.2678058732358205 -3.1532843201804361
670 5 -1.2 -0.0061245946019998854 -0.19449654126468297 -3.1494006460714306
671 5 -1.2 -0.072509056586691073 -0.27317704545984867 -3.1470124576085712
672 5 -1.2 -0.026655694688957197 -0.23406583390889241 -3.1139879990760955
673 5 -1.2 -0.057725142885465638 -0.27501559096704925 -3.1154031662755712
674 5 -1.2 -0.040501272911442003 -0.23710022677667053 -3.104054438137779
675 5 -1.2 -0.045657539305706873 -0.26068382888722486 -3.1058349361991096
676 5 -1.2 -0.046789716713581286 -0.24779547404528504 -3.1003821796424376
677 5 -1.2 -0.04087072058072487 -0.25100244554328366 -3.1026754792142426
678 5 -1.2 -0.044022234180430754 -0.25345192386732696 -3.0999810603898306
679 5 -1.2 -0.044968513396200248 -0.24609902769845624 -3.1033107634083219
680 5 -1.2 -0.032061863927297415 -0.25416743434688083 -3.1030605511746243
681 5 -1.2 -0.057109524386275347 -0.24709656049975909 -3.1078208106831147
682 5 -1.2 -0.017027131604259657 -0.25166102920705719 -3.1102003552804809
683 5 -1.2 -0.069480060747313568 -0.25985465308860051 -3.1148879991902185
684 5 -1.2 -0.013812063210479531 -0.21965799715726847 -3.1137040817499759
685 5 -1.2 -0.069647213518951576 -0.2531723611402692 -3.1159648870088952
686 5 -1.2 -0.20062814843024157 -0.16390047500064431 3.1630785731247339
687 5 -1.2 -0.19879398765937351 -0.16231449594488606 3.089204700505654
688 5 -1.2 -0.19951147908901051 -0.15820731441701971 3.1625243919484562
689 5 -1.2 -0.19898127751913772 -0.15845190363324685 3.0882253252094527
690 5 -1.2 -0.19805224396119694 -0.15639391640898884 3.1673919711465257
691 5 -1.2 -0.19940558307038758 -0.15881745176727927 3.0876186858875445
692 5 -1.2 -0.19667232744559932 -0.1570838734318151 3.1716238194982753
693 5 -1.2 -0.19975375576722706 -0.15890879190606547 3.0872879946168803
694 5 -1.2 -0.20056085669033877 -0.16022114394419476 3.1672539105608473
695 5 -1.2 -0.19975015326878301 -0.15887238282626479 3.0875162507941001
696 5 -1.2 -0.20410802412806417 -0.16506456282393964 3.1631447295971773
697 5 -1.2 -0.19938050311736472 -0.16241783294736523 3.0886443287234426
698 5 -1.2 -0.20275656407902701 -0.15009469366096995 3.1591607410528826
699 5 -1.2 -0.19887335648321228 -0.14693828041358281 3.0850980333784097
700 5 -1.2 -0.2002528645325381 -0.16173963478759162 3.1555917433532574
701 5 -1.2 -0.19919230280725911 -0.16235702777842634 3.0904333550574226
702 5 -1.2 -0.19854396486678744 -0.15639447273943671 3.1625473809266511
703 5 -1.2 -0.1990093500530033 -0.15870846907531796 3.0884354229143947
704 5 -1.2 -0.1977848989106448 -0.15362650167616343 3.1913271559974539
705 5 -1.2 -0.19923659515419284 -0.15924175799943158 3.0853572619651035
706 5 -1.2 -0.18970010999307527 -0.14537080688276049 3.2415219134874484
707 5 -1.2 -0.19973130540969802 -0.15932862794079453 3.0827533459838787
708 5 -1.2 -0.18464323419554818 -0.16296022852295336 3.2404703972016162
709 5 -1.2 -0.20011172566569824 -0.15905208976949189 3.0827685715954503
710 5 -1.2 -0.20081020308000222 -0.16675592912756393 3.190547482821223
711 5 -1.2 -0.20004730384260874 -0.16233496432353828 3.0860441526718909
712 5 -1.2 -0.20189148335467511 -0.14757185101735526 3.158620590390572
713 5 -1.2 -0.19954894924635441 -0.14681753102072506 3.0851757318418436
714 5 -1.2 -0.19996807779405429 -0.15960200721928711 3.1627102512834568
715 5 -1.2 -0.19952141414666882 -0.16203656286359774 3.089267801040767
716 5 -1.2 -0.19820532089538137 -0.15360568136173866 3.1627213252098469
717 5 -1.2 -0.19905844681664067 -0.15854616448944386 3.0884207946358857
718 5 -1.2 -0.19377026885399865 -0.1511925187876271 3.2086802671321797
719 5 -1.2 -0.19888702061803273 -0.15932119054034452 3.0842133841584642
720 5 -1.2 -0.21307480715637439 -0.16750899601182884 3.3980731048530237
721 5 -1.2 -0.1991552968979183 -0.15961900079633123 3.0786986835694923
722 5 -1.2 0.13916452319639375 0.024269281951350564 4.0562475988835658
723 5 -1.2 -0.19972567879582084 -0.15927687701824308 3.0761398010353198
724 5 -1.2 -0.23111715122355278 -0.18361540471951179 3.3895280928505263
725 5 -1.2 -0.20009576257819789 -0.16223787792779981 3.0795293878481558
726 5 -1.2 -0.20290002970398319 -0.14458414923237956 3.2019604406834006
727 5 -1.2 -0.19989080499421888 -0.14648918371346045 3.0812351040914194
728 5 -1.2 -0.19592351560784127 -0.1588063553026936 3.190560282482068
729 5 -1.2 -0.19957020525789487 -0.16156808288587093 3.0863699088455454
730 5 -1.2 -0.19916594705653265 -0.1526780769385947 3.1627488424822703
731 5 -1.2 -0.1991454961385371 -0.15808824687738332 3.088199466572171
732 5 -1.2 -0.19783379842983431 -0.14243540663212395 3.1932235053826949
733 5 -1.2 -0.19868462647754348 -0.15897448776937734 3.0852425440955216
734 5 -1.2 -0.15704561559624525 -0.13147640411649431 3.409721648083043
735 5 -1.2 -0.19844939695858299 -0.15951365801247991 3.0785836837362557
736 5 -1.2 0.11905150810082273 -0.52508757151132857 5.615806417205162
737 5 -1.2 -0.19870835163762657 -0.15936501319029944 3.0728416759154293
738 5 -1.2 -0.55087469600188432 0.13904646626036329 5.4455316881112568
739 5 -1.2 -0.19929858544121512 -0.16219313187867257 3.0736733505136495
740 5 -1.2 -0.19473270978915394 -0.109149696989484 3.3843123484095829
741 5 -1.2 -0.19959156190414326 -0.14615793704116323 3.0757661216300449
742 5 -1.2 -0.18818095422215836 -0.17312921965000103 3.2400497554428664
743 5 -1.2 -0.19922354438796278 -0.16129276149971675 3.0837828159469471
744 5 -1.2 -0.19839671429624695 -0.15640092057748564 3.1672686831495684
745 5 -1.2 -0.19917883210327209 -0.15767901896551034 3.0877548613034635
746 5 -1.2 -0.20379782951430248 -0.14881896446039189 3.1685542373118225
747 5 -1.2 -0.19881492649534796 -0.15849129217496138 3.0874885607004372
748 5 -1.2 -0.22209863352921072 -0.12212369579368614 3.2489664835804444
749 5 -1.2 -0.19829401711061354 -0.15909939226450381 3.0825144153475792
750 5 -1.2 -0.64884334880130012 0.092327816186679082 4.1467368950513555
751 5 -1.2 -0.19798560751715497 -0.15923009508777725 3.0758881975606682
752 5 -1.2 0.26597763895738219 -0.13302189475009923 5.5238248862565786
753 5 -1.2 -0.19823248259342399 -0.16225661899266536 3.0735371111094989
754 5 -1.2 -0.19342622160934425 -0.46434275410301407 3.9855554796561874
755 5 -1.2 -0.1987499594468097 -0.14609740620803346 3.0730705138201051
756 5 -1.2 -0.20582627266783729 -0.17727863377925165 3.2404882911232527
757 5 -1.2 -0.19873797854666592 -0.16145122998124689 3.0837396462549842
758 5 -1.2 -0.19916819852120926 -0.16131386812006676 3.171392464112277
759 5 -1.2 -0.19909141709643485 -0.15762486126670594 3.0874966877906971
760 5 -1.2 -0.20218324856433587 -0.15573973687207188 3.1571479459130929
761 5 -1.2 -0.19909937521472076 -0.15824211063254184 3.0891506164972253
762 5 -1.2 -0.21185000469574766 -0.15122382516089161 3.1734321604819669
763 5 -1.2 -0.19873628399072935 -0.15873152263997475 3.0871140825303951
764 5 -1.2 -0.24184120945788773 -0.15725941453903658 3.2482919365494691
765 5 -1.2 -0.19819712616442928 -0.15899663716388934 3.0824866120730863
766 5 -1.2 -0.20211495318457068 -0.21102508214565449 3.4057631828717723
767 5 -1.2 -0.19791957685879483 -0.16237549371165724 3.079248420514562
768 5 -1.2 -0.19990808407425589 -0.13215032854403086 3.3891671369293532
769 5 -1.2 -0.19811417618395374 -0.14638796616464025 3.0756000425790337
770 5 -1.2 -0.20281437373164163 -0.16611630803022764 3.1913391456580174
771 5 -1.2 -0.19856308616653867 -0.16191965346113438 3.0862809150831922
772 5 -1.2 -0.20046657358003814 -0.16045723230353104 3.1672192386829332
773 5 -1.2 -0.19899311288999272 -0.15796937348627174 3.0877693166801614
774 5 -1.2 -0.20003543607592378 -0.15803220956470274 3.156838410424271
775 5 -1.2 -0.19932984591228109 -0.15838452317770024 3.0892040272929031
776 5 -1.2 -0.20309119556816418 -0.15730252177716514 3.157151658644755
777 5 -1.2 -0.19933792770717046 -0.15865964238373126 3.089093176727304
778 5 -1.2 -0.20982589706352983 -0.15941261299966253 3.1683597673126709
779 5 -1.2 -0.19898009209854658 -0.15884831156552937 3.0874006784091561
780 5 -1.2 -0.21227241966036017 -0.17132329160308785 3.1931955549736752
781 5 -1.2 -0.19849975737195802 -0.16244066050442973 3.0858406037400248
782 5 -1.2 -0.20291650488386323 -0.15514423383820761 3.2043461792029713
783 5 -1.2 -0.19823451702360467 -0.14676684220517666 3.0810467246557507
784 5 -1.2 -0.20292049876544652 0.17201773389826508 -3.2110306639499355
785 5 -1.2 -0.19850942596631369 0.16955124496694352 -3.2691715735054205
786 5 -1.2 -0.19116990205056486 0.18668806992685175 -3.2069857823303143
787 5 -1.2 -0.20076242297959992 0.16883129122484458 -3.2710549283249772
788 5 -1.2 -0.17127420154815215 0.19581137210440333 -3.2023452691464995
789 5 -1.2 -0.2033050084812611 0.16815820204157608 -3.2727083255762643
790 5 -1.2 -0.16578144971692013 0.1813941844107228 -3.2022713730544616
791 5 -1.2 -0.20417528175785685 0.16936948440738181 -3.2727441891750475
792 5 -1.2 -0.18675000354170865 0.16903838485850192 -3.2067026084065597
793 5 -1.2 -0.20249474808893425 0.1716339604907032 -3.2709072157450594
794 5 -1.2 -0.20323762933201803 0.1551973457203823 -3.2085110229516673
795 5 -1.2 -0.19962358912868 0.16178940195310365 -3.2666328829848736
796 5 -1.2 -0.20760924947751686 0.17362952458230432 -3.2140511342989804
797 5 -1.2 -0.198025919758367 0.17932527323118663 -3.2703306696780303
798 5 -1.2 -0.19929618223174339 0.17949368471344415 -3.212307301726598
799 5 -1.2 -0.19943526067480402 0.16843048160170443 -3.2685909845665786
800 5 -1.2 -0.19213434513500721 0.20622022525510511 -3.2012979827333443
801 5 -1.2 -0.20001242745054937 0.16647439858845847 -3.2726270274619083
802 5 -1.2 -0.15324321641819272 0.26199623531809052 -3.1834636292757597
803 5 -1.2 -0.2027514880293573 0.16516431463194878 -3.2781928273948218
804 5 -1.2 -0.050787960859552936 0.25248799412555595 -3.1839988659830558
805 5 -1.2 -0.20587077608573584 0.16737888970631823 -3.2810442530284867
806 5 -1.2 -0.10460691076473437 0.15924493746663412 -3.181929209711889
807 5 -1.2 -0.20650718652274228 0.17163300329312778 -3.278094938594482
808 5 -1.2 -0.17322033588338806 0.14880171647735063 -3.1974805667461923
809 5 -1.2 -0.2041110087419695 0.16263899437021884 -3.2699252190268551
810 5 -1.2 -0.19501259901825901 0.17592777649024208 -3.2137722488518481
811 5 -1.2 -0.20114483664993904 0.17947047299197252 -3.2703803106895588
812 5 -1.2 -0.19640216012628786 0.17621986762517838 -3.2110554888082148
813 5 -1.2 -0.20035931176037894 0.16984281530848991 -3.2691781149430925
814 5 -1.2 -0.20173028734106188 0.21131016065896174 -3.2020019491539533
815 5 -1.2 -0.19859964963944843 0.16663154204965636 -3.2725791040280403
816 5 -1.2 -0.18527182683303794 0.32019207074953199 -3.1709034343706159
817 5 -1.2 -0.19916194771634643 0.16379841450422886 -3.2808736022203138
818 5 -1.2 -0.075996691181239806 0.92054603877917807 -3.4553187645640016
819 5 -1.2 -0.20235923032485745 0.16554343850111145 -3.2888631202828758
820 5 -1.2 0.57157124410502624 -0.17270125373040582 -3.508716253527655
821 5 -1.2 -0.20571041020446507 0.17160498641031152 -3.2887438043747284
822 5 -1.2 -0.088642489980152006 0.09719303483975518 -3.1614615658899381
823 5 -1.2 -0.20585182959694157 0.16460970590072052 -3.278240854700702
824 5 -1.2 -0.17581657618633634 0.16190232992787021 -3.2017721002396873
825 5 -1.2 -0.20336343438332063 0.18171630225122379 -3.2742107236004538
826 5 -1.2 -0.19061298386236344 0.16038810600808973 -3.2066044190023231
827 5 -1.2 -0.20084059550207661 0.17280732095508494 -3.2707937199556265
828 5 -1.2 -0.20853925266774195 0.19452180426558932 -3.2079587932335492
829 5 -1.2 -0.19803909113904017 0.1691789098124328 -3.2709561302061219
830 5 -1.2 -0.24404178636756774 0.28703891559268313 -3.1898203265207554
831 5 -1.2 -0.19578712381451777 0.1653863642544012 -3.2780194691115438
832 5 -1.2 -0.2783300318332827 1.1408091972758896 -3.5968915067007186
833 5 -1.2 -0.19587324790582 0.16559956313374788 -3.2887247954198813
834 5 -1.2 0.11106745070405258 -0.0051193301967833813 -4.0592692527262919
835 5 -1.2 -0.19906687994253086 0.17156635142307158 -3.2941312561752634
836 5 -1.2 0.48799326347891309 -0.33532897123065319 -3.5082997836561716
837 5 -1.2 -0.20235905204636595 0.16639013130509855 -3.2860837585597245
838 5 -1.2 -0.14079142578458134 0.10243908199587419 -3.1836520279796163
839 5 -1.2 -0.20287026581491099 0.18469458576087408 -3.2797220673675738
840 5 -1.2 -0.19125861768312838 0.13567087790713936 -3.2019713105923975
841 5 -1.2 -0.20013128253190182 0.17515595823082861 -3.2724001093207429
842 5 -1.2 -0.20483138009963631 0.17394051831951696 -3.2119783151322232
843 5 -1.2 -0.19862397459486009 0.17206804292100178 -3.269377827890799
844 5 -1.2 -0.23625254666658954 0.20648899833663042 -3.2049552338332274
845 5 -1.2 -0.19566902654508603 0.16842616974825775 -3.2725115954974848
846 5 -1.2 -0.38489719395955019 0.2785024966433246 -3.2008600343231057
847 5 -1.2 -0.19285240572697643 0.1675012946877116 -3.2807585302138897
848 5 -1.2 -1.0804481853910615 -0.24476995328105866 -3.5982405283398444
849 5 -1.2 -0.19271507601387014 0.17154471506002084 -3.2884937896923199
850 5 -1.2 -0.79040502350115127 -0.3225264966741801 -3.4556019203174313
851 5 -1.2 -0.19584664242482225 0.16627960105363737 -3.2859720546718352
852 5 -1.2 -0.1953450394015627 0.0083456611783023962 -3.1856898741030601
853 5 -1.2 -0.19927934244228207 0.18603146253279035 -3.2824408520130772
854 5 -1.2 -0.20667026651543013 0.13315439059008147 -3.2020740257768021
855 5 -1.2 -0.19867248783012409 0.17499331093807433 -3.2723902005445207
856 5 -1.2 -0.20076929227295814 0.16441804621079817 -3.2129721928034631
857 5 -1.2 -0.19954091843080882 0.17319342589454995 -3.2688384548962022
858 5 -1.2 -0.21157262305317076 0.17825810741463499 -3.2135760303541852
859 5 -1.2 -0.1981105179315967 0.17050763410042508 -3.2687982176857839
860 5 -1.2 -0.24837518733861094 0.18562735854798226 -3.2049845646432598
861 5 -1.2 -0.19508712014445614 0.16946318152259227 -3.2725375520826061
862 5 -1.2 -0.32216679421117478 0.15265504893887397 -3.1896559468151007
863 5 -1.2 -0.19251298478395454 0.17156140817682478 -3.2778146980195162
864 5 -1.2 -0.32172706600034273 0.074114910935916309 -3.1681761814347174
865 5 -1.2 -0.19276270464251777 0.16436807360109801 -3.2780092660599927
866 5 -1.2 -0.25529795635598063 0.092721812618593691 -3.1850181732609144
867 5 -1.2 -0.19582711796933963 0.1844227696144165 -3.2796151893035619
868 5 -1.2 -0.20879242624998362 0.15502948273651798 -3.2067270964371204
869 5 -1.2 -0.19800471551601118 0.17244324848366283 -3.2707776465599823
870 5 -1.2 -0.19678342694606221 0.1696179680625787 -3.2115436877300394
871 5 -1.2 -0.200379155083595 0.17179356354072065 -3.2694486788648405
872 5 -1.2 -0.19428181739198885 0.17576615126745049 -3.2130028573831404
873 5 -1.2 -0.20117242607986369 0.17039151283972509 -3.2688792040933352
874 5 -1.2 -0.20455149345427029 0.17462910355872818 -3.2120375551165243
875 5 -1.2 -0.19973924408617899 0.17018923107289613 -3.2694445306980127
876 5 -1.2 -0.22423435256510202 0.16806245410893694 -3.2077988262832746
877 5 -1.2 -0.19694381589768686 0.17160311059000405 -3.2707923229123352
878 5 -1.2 -0.23536324878332668 0.14282749149961382 -3.1992006410812874
879 5 -1.2 -0.19495532858540415 0.16245234097938346 -3.2697563460850931
880 5 -1.2 -0.2262823113656631 0.15457450701707723 -3.2027879265613324
881 5 -1.2 -0.19561261739128172 0.18138405847287656 -3.2740897868751406
882 5 -1.2 -0.038784727799058047 0.24908265033677696 3.1273920726390503
883 5 -1.2 -0.04495147406506704 0.25265630003532297 3.0918323520293285
884 5 -1.2 -0.053320617786343109 0.23547435066615979 3.1264761309517026
885 5 -1.2 -0.040416258645000105 0.2577371792612787 3.0895962922695444
886 5 -1.2 -0.074056812387951448 0.2274237499089567 3.1240410158928116
887 5 -1.2 -0.035745976588628284 0.25896317763330112 3.0871844697563033
888 5 -1.2 -0.081614336869458501 0.23846111613353299 3.1239777051004682
889 5 -1.2 -0.034753874077035986 0.25633276680719425 3.0874084457757509
890 5 -1.2 -0.065612834941090756 0.2532890749326841 3.1272879676824661
891 5 -1.2 -0.038760637957750234 0.25383828351052279 3.0907765937000353
892 5 -1.2 -0.045015609102893366 0.2446568633092992 3.1239706228203308
893 5 -1.2 -0.044118208519808959 0.23791412879037532 3.0884331496204158
894 5 -1.2 -0.035125383368331653 0.26649548916013865 3.1274799558988202
895 5 -1.2 -0.046628667529641968 0.25987986853764833 3.0926734581549296
896 5 -1.2 -0.043263872413165046 0.24226396978641873 3.127326194686717
897 5 -1.2 -0.043286980811271795 0.25554468815952058 3.0925392078930756
898 5 -1.2 -0.049139434227616532 0.21442139422122308 3.1239336136990925
899 5 -1.2 -0.041379401445640639 0.2629675311793751 3.0869634033335438
900 5 -1.2 -0.087490402678593079 0.17491194313628416 3.1055844384050557
901 5 -1.2 -0.03544041657860246 0.26555234983548026 3.0784211409620492
902 5 -1.2 -0.14968307773849843 0.19005939386566822 3.0849567682966019
903 5 -1.2 -0.029261634965853638 0.26055640924972562 3.074311463165412
904 5 -1.2 -0.13479026425134674 0.25260734081661512 3.104600563684984
905 5 -1.2 -0.029127983379191369 0.25373787163837969 3.0804090056803979
906 5 -1.2 -0.082375552878671196 0.2539450146372994 3.1187560696407588
907 5 -1.2 -0.034858662198846514 0.23660642165672471 3.084523175217353
908 5 -1.2 -0.05318691788840281 0.26751702038981118 3.1268759986979937
909 5 -1.2 -0.040813385384824361 0.26037230647096843 3.0930424183340728
910 5 -1.2 -0.047962785239268002 0.25100523383724466 3.1273892514415018
911 5 -1.2 -0.041685472183599755 0.25360655882109995 3.0918554354003165
912 5 -1.2 -0.035523327607608991 0.21591123526620123 3.1248683387416736
913 5 -1.2 -0.044321627498046003 0.26357071229953299 3.0865177890177917
914 5 -1.2 -0.040373931572933355 0.13125266225038465 3.0864553974778062
915 5 -1.2 -0.042199204416992792 0.26940158023515282 3.0729304483255842
916 5 -1.2 -0.15970251486241946 0.044971416889347943 2.9208342387060036
917 5 -1.2 -0.034804293173696287 0.26514872992147864 3.0594127061931449
918 5 -1.2 -0.28120563496795398 0.25161336962566799 2.9179245051291378
919 5 -1.2 -0.028183837137417598 0.25356037191540293 3.061571213770037
920 5 -1.2 -0.15068900077888506 0.30232077085341741 3.0775087831761563
921 5 -1.2 -0.029471330571505059 0.23229824378124611 3.0717775426573377
922 5 -1.2 -0.074691346451252735 0.28884487270565556 3.1223312379835546
923 5 -1.2 -0.035926957988252059 0.2563502071826318 3.088077261038443
924 5 -1.2 -0.053535920832162243 0.2715337507684833 3.1262752060446974
925 5 -1.2 -0.040604247996780654 0.24801439325537269 3.0897251216600097
926 5 -1.2 -0.033256263950904717 0.23830835881080914 3.1280712178835408
927 5 -1.2 -0.046062818323173986 0.25899045165368156 3.0887551139461014
928 5 -1.2 0.0030585450973617738 0.1784762743692804 3.1101701281125562
929 5 -1.2 -0.050055716778397201 0.26664229110786375 3.0766169988941132
930 5 -1.2 0.08103908214932011 0.046888243108087049 2.9275178996140734
931 5 -1.2 -0.049074794918822578 0.26552643156145445 3.0576292997679926
932 5 -1.2 -0.037687289297278818 0.25117575654695956 2.4928318272269117
933 5 -1.2 -0.041615050719855676 0.25336726273973664 3.0494398093735895
934 5 -1.2 -0.15979655293203363 0.44772478639025276 2.9135864406941994
935 5 -1.2 -0.035043930569559741 0.22756648416602751 3.0570836985380296
936 5 -1.2 -0.087528750971728908 0.34191746502892245 3.103766515249673
937 5 -1.2 -0.035701832873910835 0.24983043755000495 3.0794799320381281
938 5 -1.2 -0.049668117248465544 0.29222626757272957 3.1238937455487759
939 5 -1.2 -0.041728411081724717 0.24273391735087554 3.0872357993079271
940 5 -1.2 -0.039587859132105177 0.257638921590017 3.1285329464031153
941 5 -1.2 -0.045329832982077906 0.25299943725123997 3.0912113532967709
942 5 -1.2 -0.01445537255143428 0.23034136953998169 3.1275969514698341
943 5 -1.2 -0.051452335006814988 0.26008277677975944 3.0854335531968937
944 5 -1.2 0.061790986792430398 0.19255663778061199 3.0935325712027133
945 5 -1.2 -0.057188421636659055 0.26123186766788176 3.0712024174367234
946 5 -1.2 0.19756080775037593 0.24988371619415142 2.9284732812657839
947 5 -1.2 -0.056852749230555354 0.25318217995357284 3.058501191853106
948 5 -1.2 0.078850699766010973 0.44523144281554045 2.9174503748412954
949 5 -1.2 -0.049368402254747014 0.22694155964827217 3.0557973361999031
950 5 -1.2 -0.041792379526657118 0.38551585261616267 3.0850711809497606
951 5 -1.2 -0.042647607925466992 0.24597247324665955 3.0742535845671739
952 5 -1.2 -0.036502486566380977 0.29110696334337954 3.124090013883885
953 5 -1.2 -0.044652226021800273 0.24219308657468655 3.0871374366313402
954 5 -1.2 -0.043949931430396015 0.26406637782534809 3.127903597204492
955 5 -1.2 -0.043628419809534989 0.25003099559397035 3.0922507514985593
956 5 -1.2 -0.0363253459283484 0.24901089882071897 3.1290252242301757
957 5 -1.2 -0.047084024296631083 0.25522771551983181 3.0916442669699218
958 5 -1.2 -0.0092230268435758676 0.23959061921368355 3.127730290770192
959 5 -1.2 -0.053473535863220741 0.25675168393450348 3.0855590243752409
960 5 -1.2 0.044437602979781228 0.2514893335658473 3.1112325943772094
961 5 -1.2 -0.058459963263450959 0.25338129211218419 3.0776210098324275
962 5 -1.2 0.063612856043669952 0.29863909631613306 3.0831184199872528
963 5 -1.2 -0.056903057441375311 0.23113042213185439 3.0694534737815333
964 5 -1.2 0.002240459039334862 0.33913065063691561 3.1058118999840967
965 5 -1.2 -0.050220282881730915 0.24874172134859332 3.0784961930227763
966 5 -1.2 -0.0331829595275933 0.26909654740616351 3.1265185101621809
967 5 -1.2 -0.045992114345754183 0.24681733389561125 3.0895888289236257
968 5 -1.2 -0.04812284406323869 0.25573141349587175 3.1276342843518585
969 5 -1.2 -0.041762008584165733 0.25207806011189732 3.0917496007733813
970 5 -1.2 -0.053256944397487918 0.24803956889147055 3.1279092923499223
971 5 -1.2 -0.040922915016003446 0.25479466627694997 3.0922863682636876
972 5 -1.2 -0.04550767747877682 0.24765988324563748 3.1286717547481455
973 5 -1.2 -0.044343909082894407 0.25495233206008561 3.0913726294231569
974 5 -1.2 -0.025600657135976479 0.25296758595633667 3.1291268049372247
975 5 -1.2 -0.049898874390302668 0.25370872641230424 3.0897990382377607
976 5 -1.2 -0.0073251045015937568 0.2520603903446631 3.121492868089768
977 5 -1.2 -0.052974691093027985 0.23584590232130884 3.0830881716947358
978 5 -1.2 -0.012869461965719165 0.28612874338940697 3.1241333888728913
979 5 -1.2 -0.051014811300531308 0.25514516591767472 3.0870876527755544
980 5 -1.2 0.24430227712414729 0.079771162871873677 -3.0606490519342739
981 5 -1.2 0.2406132023372165 0.081933997236774692 -3.1180881351617322
982 5 -1.2 0.23741709272079756 0.067235541869971355 -3.0541632324979346
983 5 -1.2 0.24187810924965431 0.085331684334554139 -3.1193141260882085
984 5 -1.2 0.21419488411172483 0.047752175021216321 -3.0431464729472584
985 5 -1.2 0.24405097874306889 0.086305557958120074 -3.1219502799945373
986 5 -1.2 0.18627190847145844 0.050390852588969311 -3.0364269097228838
987 5 -1.2 0.24560063392061046 0.085443457654392999 -3.1232358774559987
988 5 -1.2 0.19477756427848142 0.075557925694054728 -3.044622284588629
989 5 -1.2 0.24510918279751451 0.083882348738191143 -3.1221757181154546
990 5 -1.2 0.22215779711917133 0.075911163610750898 -3.0551306648924372
991 5 -1.2 0.24290012368117311 0.071672689713799212 -3.1192709015702245
992 5 -1.2 0.23963124215321485 0.095076658683403592 -3.0565788461567949
993 5 -1.2 0.24101280611341949 0.090888843882922107 -3.11373190667419
994 5 -1.2 0.23762365638914459 0.081301075346052867 -3.0608597039497698
995 5 -1.2 0.24192893640057692 0.082224629343275998 -3.118006063353675
996 5 -1.2 0.24257504073521652 0.059389578779242072 -3.0521381538678787
997 5 -1.2 0.24152696508986074 0.086675042809108135 -3.1198120201822461
998 5 -1.2 0.22040069497867762 -0.0079799533937880314 -3.0304323420583854
999 5 -1.2 0.24301510108858254 0.088490999677811252 -3.125473035735356
1000 5 -1.2 0.074289874244037504 -0.10711917511058509 -3.0176335151721454
1001 5 -1.2 0.24566647840227088 0.087436651508861402 -3.1304803968127533
1002 5 -1.2 -0.0063837415826754279 0.028542429500909947 -3.0209569346003686
1003 5 -1.2 0.24732501336489118 0.084374981917491293 -3.130507536549008
1004 5 -1.2 0.14701937425162359 0.097331311304343054 -3.0352573865048416
1005 5 -1.2 0.24632685269692384 0.070925302135855794 -3.1249513243641998
1006 5 -1.2 0.21713608510302873 0.10574228312500193 -3.05069399591991
1007 5 -1.2 0.24391783470380948 0.090262268339535739 -3.115696371611353
1008 5 -1.2 0.2290031349472077 0.096409001657086241 -3.0556252710938949
1009 5 -1.2 0.24298999466971549 0.080583024452192953 -3.1197873011461454
1010 5 -1.2 0.24619594270397385 0.070916762744041406 -3.0529705665699383
1011 5 -1.2 0.24102091958833152 0.085877417842696868 -3.1195473258111424
1012 5 -1.2 0.2690037558039961 -0.0032583843314804581 -3.0266023922876584
1013 5 -1.2 0.24048137941030776 0.088787130895344277 -3.12586656849833
1014 5 -1.2 0.25124463419482573 -0.44959915355998603 -3.084127882123088
1015 5 -1.2 0.24203593029219156 0.088578186805280401 -3.1345732429417072
1016 5 -1.2 -0.94345969611800751 -0.59613291507284227 -3.8063145636824767
1017 5 -1.2 0.24489756896894946 0.084852658195347916 -3.1387820793178589
1018 5 -1.2 -0.21325340723537772 0.33535666451921425 -3.0976977821918159
1019 5 -1.2 0.24637162766148998 0.069691774912519419 -3.133693164637664
1020 5 -1.2 0.17293025147489297 0.16109666091106384 -3.0314303165755789
1021 5 -1.2 0.24534562974017524 0.088229522637773672 -3.1211956364315432
1022 5 -1.2 0.22511454681460225 0.12577478463087208 -3.0448542227795343
1023 5 -1.2 0.24298013183190698 0.078098604487328915 -3.1225002386699634
1024 5 -1.2 0.24226912611140206 0.087835762263624356 -3.055311429479532
1025 5 -1.2 0.24095430326580641 0.083545414114920988 -3.1189115002944816
1026 5 -1.2 0.26750594638539138 0.054537916408911001 -3.0380130719422267
1027 5 -1.2 0.23879385650226012 0.08692996714907486 -3.1227404904982325
1028 5 -1.2 0.41217324512921677 -0.097995766892379363 -2.9983247506078952
1029 5 -1.2 0.23779160901277882 0.087782676553451622 -3.1315923444726503
1030 5 -1.2 1.4293636652112132 -0.60179829502690163 -3.7792309805781099
1031 5 -1.2 0.23916603604601139 0.084847786011079826 -3.1395504785783754
1032 5 -1.2 0.23798169117223239 1.4391570954436019 -3.8054391956414095
1033 5 -1.2 0.2419638078835919 0.068922623371236835 -3.1385924765855311
1034 5 -1.2 0.1653466789648132 0.33379522279084806 -3.0166802733452842
1035 5 -1.2 0.24365594836177035 0.086174347640938703 -3.126562636251486
1036 5 -1.2 0.24223301559235053 0.14543032930141156 -3.037005321122983
1037 5 -1.2 0.241518893249102 0.076687228471552057 -3.1239749694198471
1038 5 -1.2 0.2402766568703015 0.098153704962264221 -3.0559281110832903
1039 5 -1.2 0.24115210871018686 0.081447788002442442 -3.1185505759989858
1040 5 -1.2 0.24953562191772807 0.079623525371184709 -3.0538517201000679
1041 5 -1.2 0.23921203945370215 0.084503203188617121 -3.1189369894944452
1042 5 -1.2 0.28924062110139415 0.055552638739062341 -3.0275258121091082
1043 5 -1.2 0.23675888019501568 0.085827109619832267 -3.1244148965708307
1044 5 -1.2 0.48362669090022525 0.026409432022680295 -2.9986615811408339
1045 5 -1.2 0.2355809108963319 0.084364774244328228 -3.1320067710122745
1046 5 -1.2 0.70728134152523947 0.33054467784450636 -3.0839355338955285
1047 5 -1.2 0.23694955422157635 0.06933221002114745 -3.1347974570049875
1048 5 -1.2 0.32256146421077198 0.33143951282933798 -3.0136938328505898
1049 5 -1.2 0.23981792628524362 0.085874672758612158 -3.1269500003446984
1050 5 -1.2 0.25829758519248269 0.1225464108664137 -3.0438014966389311
1051 5 -1.2 0.23991378492725815 0.077551428023218211 -3.122722564060358
1052 5 -1.2 0.24127717557482631 0.096654172516580511 -3.0561750111933468
1053 5 -1.2 0.24135053789380084 0.081158432036132308 -3.1184628296447827
1054 5 -1.2 0.2394418520147856 0.084151486915339774 -3.0598949227544403
1055 5 -1.2 0.24100036177124529 0.083283335399389841 -3.11718099382484
1056 5 -1.2 0.24840957726814064 0.077817830680143626 -3.0538900442125732
1057 5 -1.2 0.23904963194066903 0.084317006748627493 -3.1189713708098212
1058 5 -1.2 0.27909794937392124 0.075249643699213609 -3.0384355923561408
1059 5 -1.2 0.23673812677933434 0.083874451759278698 -3.1231882716511552
1060 5 -1.2 0.32975428115555 0.091887454749755307 -3.0267598474754269
1061 5 -1.2 0.23590851191790824 0.070525338510256802 -3.1261221175125429
1062 5 -1.2 0.30959916843299101 0.15534955365562764 -3.026761579230572
1063 5 -1.2 0.23749506153257866 0.087596369990276701 -3.1219730350474579
1064 5 -1.2 0.25303648501014853 0.09274976054882382 -3.0548191491488135
1065 5 -1.2 0.23966594919844589 0.079918694415878483 -3.1200110784504895
1066 5 -1.2 0.23955312727646066 0.084044276561138456 -3.0562200727390536
1067 5 -1.2 0.24168132323247199 0.082883762202339589 -3.1186746009178479
1068 5 -1.2 0.22948170455862787 0.076276339233467105 -3.0561404620134431
1069 5 -1.2 0.24300967194270856 0.084038994272826156 -3.1183889395480127
1070 5 -1.2 0.22767787874615478 0.076544860130647138 -3.0559319703665437
1071 5 -1.2 0.2426596068462403 0.084161362789893238 -3.1185110600744617
1072 5 -1.2 0.23762659882459788 0.080427266038366224 -3.0557011068840834
1073 5 -1.2 0.24074436030928154 0.083692601974834122 -3.1192854214103041
1074 5 -1.2 0.25417608757904814 0.074525599291102654 -3.0531318242632852
1075 5 -1.2 0.23869437565705726 0.071509901901763734 -3.1197278685652443
1076 5 -1.2 0.26240004354504642 0.10250057246662629 -3.048511705057785
1077 5 -1.2 0.23832002238532635 0.089790997723843149 -3.1162350322313039
1078 5 -1.2 0.24548463100223358 -0.10060603526177075 3.1373296988065973
1079 5 -1.2 0.23932888790552062 -0.097086087016496084 3.1636143262972793
1080 5 -1.2 0.24220884460136552 -0.10248297014270713 3.1337864226094494
1081 5 -1.2 0.2478257696299343 -0.07837197547447719 3.1611829117071717
1082 5 -1.2 0.23495152120869253 -0.10678452624460123 3.1284631589259249
1083 5 -1.2 0.26800768073918718 -0.063016358306775766 3.1543041401563183
1084 5 -1.2 0.22848879054671026 -0.10439243793839817 3.1253515482018548
1085 5 -1.2 0.28963965159107152 -0.070337167366591222 3.1481583122691243
1086 5 -1.2 0.22920770182765263 -0.097805039128597324 3.1280308755304591
1087 5 -1.2 0.28087526394808876 -0.093442405548805216 3.1549869444983907
1088 5 -1.2 0.23632229206903185 -0.098632066546207625 3.1305226388553629
1089 5 -1.2 0.25639847964170104 -0.10688682614784614 3.1587650970340677
1090 5 -1.2 0.24320075109391256 -0.081275913833136954 3.1385705636244383
1091 5 -1.2 0.24147264265135118 -0.088342174733506293 3.1650793322236428
1092 5 -1.2 0.24147622529876606 -0.10037364294805043 3.1372818643123814
1093 5 -1.2 0.24674313521701846 -0.095371839235259798 3.1637964074118869
1094 5 -1.2 0.24366951586719984 -0.10575379453993879 3.1330127182366079
1095 5 -1.2 0.2448269149751206 -0.068004134758816823 3.1597295591378431
1096 5 -1.2 0.23928671241109406 -0.11446661135632799 3.1212258259600789
1097 5 -1.2 0.26154093027816616 -0.029685248083418568 3.1412077598268642
1098 5 -1.2 0.22851026961251453 -0.11335262879925974 3.1076241018694932
1099 5 -1.2 0.31584673612636777 -0.012257328906603367 3.0927608212465372
1100 5 -1.2 0.22072970068417913 -0.10037668197862881 3.1071101890542843
1101 5 -1.2 0.35059871617699401 -0.08371481317434451 3.0960641122064958
1102 5 -1.2 0.22466587117231196 -0.095311395873936416 3.1175140048379237
1103 5 -1.2 0.30224607375093321 -0.12086755631112969 3.142680670377731
1104 5 -1.2 0.23416315053943434 -0.07814031634057847 3.1343530703313216
1105 5 -1.2 0.26275828240116533 -0.094629576848555857 3.1634717677846056
1106 5 -1.2 0.23810757312360717 -0.094333088030533363 3.1340816501222988
1107 5 -1.2 0.25534968667096009 -0.10761438688620299 3.1623033755656054
1108 5 -1.2 0.24500225091009931 -0.10205262894745798 3.1339899262315609
1109 5 -1.2 0.24012284331395475 -0.074249854458984688 3.1600040102665066
1110 5 -1.2 0.24838747225365154 -0.11425402157477738 3.1215246035443442
1111 5 -1.2 0.23302101457203098 -0.023938006057518467 3.1373185311315264
1112 5 -1.2 0.24402857392440261 -0.11841446223146475 3.0973104672401828
1113 5 -1.2 0.25742167887422507 0.039752513941546636 3.0377600170235945
1114 5 -1.2 0.23110309306112739 -0.1033842688876692 3.0816830946872003
1115 5 -1.2 0.34135118032709111 -0.054798883161860594 2.9331474117603062
1116 5 -1.2 0.22405528538538588 -0.089530826479615827 3.0934601344855706
1117 5 -1.2 0.35618306426686469 -0.1655999795555497 3.0546276861733417
1118 5 -1.2 0.22932533907895408 -0.069922157087125375 3.1223603436219034
1119 5 -1.2 0.29038114007019872 -0.12429090686309179 3.1474580303250934
1120 5 -1.2 0.23821231032306783 -0.086035590400712958 3.1286816046472601
1121 5 -1.2 0.2603550279091868 -0.13303976773785625 3.1555450722248581
1122 5 -1.2 0.24436624389847936 -0.094446271306508928 3.1351812636562362
1123 5 -1.2 0.24102725412064743 -0.092165760090948387 3.161224771577245
1124 5 -1.2 0.25221228086489317 -0.10632054321994813 3.1290819919824893
1125 5 -1.2 0.21771405197473462 -0.055124729035825742 3.1492152474844772
1126 5 -1.2 0.25912881363121471 -0.11315056737815146 3.1083993589587506
1127 5 -1.2 0.17348909025289122 0.0023678160272208376 3.0719066980946304
1128 5 -1.2 0.25690753092325025 -0.10341997319867281 3.082141063361771
1129 5 -1.2 0.17333979996295917 -0.054953212763606339 2.8977284895559623
1130 5 -1.2 0.24395350089035717 -0.086156624717068919 3.0787820909544061
1131 5 -1.2 0.25719022937161146 -0.20560338664013297 2.9297309329530949
1132 5 -1.2 0.23612312674966482 -0.06143106166739444 3.1090498829210778
1133 5 -1.2 0.28683439885453099 -0.18232478969311575 3.0976535918388688
1134 5 -1.2 0.24363422449332792 -0.082076540410354573 3.1257102943450059
1135 5 -1.2 0.2447348817096697 -0.15222266821237232 3.148355487318435
1136 5 -1.2 0.24351045210991937 -0.08868768590578717 3.1353264378126577
1137 5 -1.2 0.24318776374448123 -0.10789671116821443 3.1612376904544046
1138 5 -1.2 0.24891026175627848 -0.098320319195625325 3.1357691261398162
1139 5 -1.2 0.22770278100480509 -0.084079063088156367 3.1593914509965288
1140 5 -1.2 0.25830312482683115 -0.10414089918067941 3.126230881370188
1141 5 -1.2 0.18862624154177032 -0.063891873727238632 3.139251866784063
1142 5 -1.2 0.26651816820836272 -0.10043759802274686 3.1081082040577144
1143 5 -1.2 0.12363659121798352 -0.083901950957422269 3.0715425848202194
1144 5 -1.2 0.26350410637697119 -0.089794432302008315 3.094116396389373
1145 5 -1.2 0.13306493675000436 -0.18035511803296414 3.0342318619353752
1146 5 -1.2 0.25132650037260407 -0.061638780631111285 3.1092723328993612
1147 5 -1.2 0.2073401810123017 -0.18799791856603754 3.0939858493565429
1148 5 -1.2 0.24897858511695897 -0.086451907866114189 3.1287995727646121
1149 5 -1.2 0.22752565861104873 -0.13709852741223094 3.1545226588088484
1150 5 -1.2 0.24332245197850802 -0.088915413780844013 3.1352399705162179
1151 5 -1.2 0.24268511976446938 -0.10960156234281045 3.1614806746943196
1152 5 -1.2 0.24321600552092754 -0.095381490511814257 3.1378683989807592
1153 5 -1.2 0.24145102819598854 -0.094392932741221888 3.1624600147071744
1154 5 -1.2 0.24860834123587988 -0.098892832044508647 3.1357479779471422
1155 5 -1.2 0.22564408810431091 -0.087646723159271606 3.159374475029407
1156 5 -1.2 0.25718726681006848 -0.097840865175371342 3.1287677386640729
1157 5 -1.2 0.19555569171963674 -0.093524645738376322 3.1488750507110499
1158 5 -1.2 0.26212235809995144 -0.095627711304005727 3.1183031577969094
1159 5 -1.2 0.17611655584225538 -0.12744488425467562 3.1339975905943591
1160 5 -1.2 0.25772080716683204 -0.070389437446802997 3.1228506856195328
1161 5 -1.2 0.19526781382593508 -0.13212441665372027 3.1426628797878231
1162 5 -1.2 0.24893612381366284 -0.09485442751612079 3.1342070505003869
1163 5 -1.2 0.23079241831395331 -0.11185499849915237 3.1615624940777045
1164 5 -1.2 0.24260906672749211 -0.094969119254489448 3.134962036889648
1165 5 -1.2 0.24501311978988483 -0.096424453420917974 3.1621197714914109
1166 5 -1.2 0.23772214941350669 -0.09867597897062623 3.1353256617557732
1167 5 -1.2 0.25524884362150119 -0.087857111893540563 3.1616062650687851
1168 5 -1.2 0.23761879747557452 -0.099001938167657275 3.1353909559417761
1169 5 -1.2 0.25401909229649189 -0.089139451876788622 3.1613463976965033
1170 5 -1.2 0.24303467290979947 -0.096952660847352448 3.1349524042926191
1171 5 -1.2 0.23933175730105691 -0.09518489427050425 3.1610118945694237
1172 5 -1.2 0.24991891610548583 -0.09876642564571142 3.1308515196825555
1173 5 -1.2 0.22334243611448579 -0.10842734693822483 3.156845266697065
1174 5 -1.2 0.25242124829553803 -0.078508744347435669 3.1347217365811
1175 5 -1.2 0.22022658356261626 -0.09841258232166708 3.1613907630442655
