# golden forces for examples/h3o_grimme2015 (partition 0, layout 2x1)
# id type q fx fy fz
1 3 -0.5 1.5994702865005788 -0.49866510602808684 -0.65516308710104354
2 4 0.5 -0.83905506032655464 0.74765262461727744 -1.236093686054919
3 4 0.5 -1.7227817213098455 -0.42170168407529651 1.515573066671108
4 4 0.5 0.52935395618372905 0.033248155699480426 0.45923457681468793
5 1 -0.81999999999999995 -0.88344825825480755 0.73824960446451326 -0.39984878068328111
6 2 0.40999999999999998 0.53599659443585623 -0.3265098237133357 0.50324160782397487
7 2 0.40999999999999998 0.010942548162402376 -0.59639471352581375 0.012023749422447145
8 1 -0.81999999999999995 -1.7954685202258653 1.1289232128489344 0.31159611839237233
9 2 0.40999999999999998 0.93832220974478597 0.29051794126628538 -0.73048485881460934
10 2 0.40999999999999998 0.71571100541842925 -1.1693714100440362 0.34379170145534327
11 1 -0.81999999999999995 1.2313576386638772 -0.72840800725214838 -2.0514410829203755
12 2 0.40999999999999998 -0.70343133028060267 -0.35688853057301284 1.4703561352857522
13 2 0.40999999999999998 -0.3428695500703568 0.89534738452712814 0.17274907373229745
14 1 -0.81999999999999995 -0.94345448957083566 -0.1929508087723123 2.2689331418664969
15 2 0.40999999999999998 -0.053249464386998326 0.43292151544344959 -0.17671866200507758
16 2 0.40999999999999998 0.81349753936420821 -0.25906167018297177 -1.8008295111715662
17 1 -0.81999999999999995 0.67643764732169476 -1.1057867670462291 -0.22775971821598953
18 2 0.40999999999999998 0.71952281220595093 -0.37517032321911664 0.5293588884724858
19 2 0.40999999999999998 -0.88772400305976595 1.2153271948223594 -0.034860593817862121
20 1 -0.81999999999999995 -0.4349966409511401 1.0599570847523176 0.040808225512269099
21 2 0.40999999999999998 0.38408663186377884 -1.3016406080978764 0.11791781070147372
22 2 0.40999999999999998 0.0017967046918095288 0.47243480923230324 -0.32173236787471632
23 1 -0.81999999999999995 0.41680894856609896 -1.2481541863663732 0.48678558257322013
24 2 0.40999999999999998 -0.31454992985492858 -0.46653289767649686 0.050749952541105231
25 2 0.40999999999999998 -0.29576036311914738 1.1908690252053171 0.0047142422378784318
26 1 -0.81999999999999995 -2.2958207242014472 -0.61709156114456032 0.40596534930249079
27 2 0.40999999999999998 2.5269537980086803 0.57990261278796962 -0.50591797564423235
28 2 0.40999999999999998 -0.20171959713277551 -0.24089877880220345 0.089027489250332589
29 1 -0.81999999999999995 0.80261327668348326 0.88522766225676219 0.70936254032174562
30 2 0.40999999999999998 0.15382269013241381 0.35335244193791693 -0.54323394234629896
31 2 0.40999999999999998 -0.50629384148889134 -0.93536283915486407 -0.39783565771754481
32 1 -0.81999999999999995 -0.59431088505892449 -1.3848465474451694 -2.9436702772648986
33 2 0.40999999999999998 -0.34053190083488044 0.33466900801446514 0.27947325201122908
34 2 0.40999999999999998 0.6740059698904669 0.94477727676612344 2.1515364657730935
35 1 -0.81999999999999995 1.3723822457599291 -0.89179019045092789 1.0739227118284869
36 2 0.40999999999999998 -0.46870623608494022 0.33155224773864228 0.2092081091787667
37 2 0.40999999999999998 -0.52732060812785131 0.60467680010717328 -1.2430208743440796
38 1 -0.81999999999999995 0.58069340665037894 -1.6557808773327669 -0.64837738159403679
39 2 0.40999999999999998 -0.37318049331552644 0.35994835392855562 0.15511049314316794
40 2 0.40999999999999998 -0.13850030960543649 1.1163123638321411 0.35118978404554374
41 1 -0.81999999999999995 1.7236127444244456 1.5018554466256695 -0.51477583586524023
42 2 0.40999999999999998 -1.8785368957247854 -2.180248846987872 0.71861105784641821
43 2 0.40999999999999998 0.038668409927188396 0.42860442480866084 -0.089026879448457399
44 1 -0.81999999999999995 0.4454237736028373 0.27218189920690983 -0.1723137466630002
45 2 0.40999999999999998 -0.46803024850304414 -0.19992001222398392 -0.13023344834693423
46 2 0.40999999999999998 -0.10390324796073795 -0.089983770864506693 0.15981112998660568
47 1 -0.81999999999999995 0.063636329104582237 0.87813754664204069 -1.4150705927663156
48 2 0.40999999999999998 0.43087156019069695 0.21171774390221934 0.1752354086553532
49 2 0.40999999999999998 -0.21311426790443827 -1.0511399610532728 1.1748448375450076
50 1 -0.81999999999999995 -0.83143161672857346 0.13342056030356794 -1.7351681769356528
51 2 0.40999999999999998 0.01804039964819722 -0.48365248259465804 0.98226031851355999
52 2 0.40999999999999998 1.238166611137868 0.30442106170409239 0.9442205225259962
53 1 -0.81999999999999995 -3.4259290487548535 2.1189266977836327 0.96777848399545052
54 2 0.40999999999999998 3.2955871814488646 -0.59343523344221327 -0.24784538273627379
55 2 0.40999999999999998 0.1218191940015983 -1.354481138051526 -1.0084658223189318
56 1 -0.81999999999999995 -1.9789710580066948 1.6574484721331868 0.63899062605739509
57 2 0.40999999999999998 2.0725567862229508 -1.1409400338702622 -0.50090195899484269
58 2 0.40999999999999998 0.19665853033428499 0.2320450945357794 -0.0407356732876153
59 1 -0.81999999999999995 0.35043458258186261 -0.031906859136214875 0.56279811380222233
60 2 0.40999999999999998 -0.89715706471644174 0.40077751899153785 0.12724018515586316
61 2 0.40999999999999998 0.7035970798270782 -0.41578272999265392 -0.99829902936012305
62 1 -0.81999999999999995 0.09673832041199866 2.2051085594896969 0.68884158377358429
63 2 0.40999999999999998 -0.0021015816684501207 -0.87387078498916571 -0.13349865005904213
64 2 0.40999999999999998 -0.3336173361354513 -0.6073944762488469 -0.7493238868548775
65 1 -0.81999999999999995 -1.8583394972898037 1.0338122311528817 -1.3724815957557717
66 2 0.40999999999999998 -0.050839983682494892 0.015832962738490702 0.24430082084760496
67 2 0.40999999999999998 1.7766403862805096 -0.91181177961317506 1.7827767902800085
68 1 -0.81999999999999995 2.4600106870764344 1.7846350873296231 -0.67148965735017174
69 2 0.40999999999999998 -2.3136045141412365 -1.6027095621431018 0.3011213677041395
70 2 0.40999999999999998 -0.16152048205576483 -0.23757725922237541 0.19819018850668704
71 1 -0.81999999999999995 -0.46467511744825168 -0.47169577896325754 0.40658976465795743
72 2 0.40999999999999998 -0.058434183426187086 -0.89483713799650666 -0.40739487021795118
73 2 0.40999999999999998 0.29178849327873224 1.1747350824936049 -0.17000859752063119
74 1 -0.81999999999999995 0.17805665698496531 -0.46314042194239996 0.58621791863745054
75 2 0.40999999999999998 0.35475506932766943 0.15423976696132685 -0.34648638893358347
76 2 0.40999999999999998 -0.33264527140286926 0.17729076321007733 -0.21179073077776639
77 1 -0.81999999999999995 1.091648274491575 -0.30475613148324243 -1.2107631036702953
78 2 0.40999999999999998 0.25123037792989505 0.078216368060296637 0.20667873063235428
79 2 0.40999999999999998 -1.389377072007566 0.27630744408362423 0.81047790549106258
80 1 -0.81999999999999995 0.28225322969480987 0.064066445582411979 -0.44721817561214611
81 2 0.40999999999999998 -0.8554929354772306 -0.087523544644050585 0.32911226366358176
82 2 0.40999999999999998 0.44113437714664655 0.033040545593579961 0.30722272022188302
83 1 -0.81999999999999995 1.014917862685772 0.60975506369009447 -0.36594811226097307
84 2 0.40999999999999998 -0.32342018527605315 0.038878755447797446 -0.13292513796576488
85 2 0.40999999999999998 -0.68950192912155928 -0.6786426560323956 0.41526011676208835
86 1 -0.81999999999999995 -0.53562766619195812 -1.7041983432408878 -0.0037662873900782016
87 2 0.40999999999999998 0.18111818318192133 1.6069615752074402 0.20298954556776094
88 2 0.40999999999999998 -0.045999833908309987 0.17768980704413181 -0.31726041034516994
89 1 -0.81999999999999995 0.15762379183647049 -0.69308634544590797 -0.21795651656714701
90 2 0.40999999999999998 -0.14766918085311012 0.70154415108161006 0.25107314344900816
91 2 0.40999999999999998 -0.35210148177670064 -0.096575235506872317 0.24533256188823133
92 1 -0.81999999999999995 0.060271396141521619 1.0425178824786538 0.54910230879459032
93 2 0.40999999999999998 0.16119253410608109 0.55525031712165451 -0.15135356367202296
94 2 0.40999999999999998 -0.396402880235452 -0.89010753258419129 -0.51909900823455357
95 1 -0.81999999999999995 -0.45645893835569568 0.21889051502492476 0.58676481278531911
96 2 0.40999999999999998 0.11463626044073445 -0.022098803566688623 -0.34750921383689581
97 2 0.40999999999999998 0.074209075579961384 -0.11070911505380701 -0.22120711255523154
98 1 -0.81999999999999995 4.1888091874265596 -0.86306478923304886 -0.30139829620739172
99 2 0.40999999999999998 -2.4972182064363144 1.5875654016219811 -0.55559690298240194
100 2 0.40999999999999998 -1.4011711228322588 -0.92803849016274309 0.71302356485447727
101 1 -0.81999999999999995 0.6281491177664289 -0.38315650462150891 -0.16969361924842039
102 2 0.40999999999999998 -0.094240864754537634 0.34809894797840774 0.35071733285579865
103 2 0.40999999999999998 -0.42229177602730877 0.28995603204397341 -0.064638056776339575
104 1 -0.81999999999999995 -0.20833309067445985 1.2477144472268364 0.84653706000963058
105 2 0.40999999999999998 0.21251571736124342 0.31258899943526952 -0.027229613249695975
106 2 0.40999999999999998 0.11299558364703084 -1.4552317171397386 -0.92072978582685527
107 1 -0.81999999999999995 0.15757981772842602 0.83894473094537869 0.25202111628910845
108 2 0.40999999999999998 0.20811679112676787 -0.15478512863655844 -0.13266452377246912
109 2 0.40999999999999998 0.02585030701367827 -0.63548438428435539 -0.26817388820722443
110 1 -0.81999999999999995 1.3538856643178816 1.8062649280409495 -0.20780527505918817
111 2 0.40999999999999998 -1.073129735211098 -1.8413296402231814 -0.26159742234291677
112 2 0.40999999999999998 -0.18678380771520411 -0.046502159300569348 0.48227269813431317
113 1 -0.81999999999999995 -0.12091113319136035 1.2731085867076108 -0.27375827070224956
114 2 0.40999999999999998 -1.023322448105241 -1.1786942214346512 -0.18041594406198377
115 2 0.40999999999999998 1.2271579762857237 -0.35269011621977919 -0.049293956769512239
116 1 -0.81999999999999995 -0.065469425240906404 1.689793607896134 2.0851642274241504
117 2 0.40999999999999998 0.4325151704574568 -2.5875540334151319 -0.95687729579686831
118 2 0.40999999999999998 -0.44621042349094381 0.91003849227243971 -1.4393184374777606
119 1 -0.81999999999999995 0.67858861930734715 -1.2459424567095307 -1.2002591468117259
120 2 0.40999999999999998 -1.3739321523005619 0.22209826403664432 0.1614756183499626
121 2 0.40999999999999998 0.21028096315202879 0.42543069633525149 0.27428636529276534
122 1 -0.81999999999999995 0.6143583695800765 -0.83599168067204077 -0.23276617291942214
123 2 0.40999999999999998 -0.50229997745239197 0.42220458928329202 0.31711307650839404
124 2 0.40999999999999998 0.041870859367585667 0.33596262238180397 0.043085231426244291
125 1 -0.81999999999999995 -0.343985473490029 1.6761771572517954 -0.11485586125909651
126 2 0.40999999999999998 -0.055259587784745372 -0.69288879719033258 0.81549367898040503
127 2 0.40999999999999998 0.28580133206694358 -0.37491774681871531 -0.49776292893970847
128 1 -0.81999999999999995 0.014112260282644345 -1.4543636564982616 -0.10284000653307963
129 2 0.40999999999999998 -0.20433991359201892 -0.072075558038405443 0.14445663851201551
130 2 0.40999999999999998 0.14083239341886503 1.5925904813543992 0.20760417464088154
131 1 -0.81999999999999995 -0.47498471316347263 2.4241792043583907 0.21243602956254812
132 2 0.40999999999999998 0.81917576843794293 -1.7925313769543771 -0.093455694275505055
133 2 0.40999999999999998 0.16877275178924359 -0.1170049260642352 -0.52692658796076897
134 1 -0.81999999999999995 -1.2441843986299839 1.2972964020798159 1.4734167353062471
135 2 0.40999999999999998 0.28695623390369979 -0.25628547162006537 0.012049848283508727
136 2 0.40999999999999998 0.83856620819196592 -0.99776356128659538 -1.7157272747085082
137 1 -0.81999999999999995 0.41618671978457983 -0.43059664298093292 -1.9267961048169282
138 2 0.40999999999999998 -0.20139079916932312 0.18621156510977244 1.8113113071578328
139 2 0.40999999999999998 -0.10379299753739039 0.077820666405498326 -0.2382101207145978
140 1 -0.81999999999999995 -1.239455055637124 0.91106620055166931 0.18807101333065279
141 2 0.40999999999999998 0.56770141508680561 -0.45803582347467381 -0.35336783010781825
142 2 0.40999999999999998 0.47229235900309097 -0.4061467657556625 -0.12305672626513425
143 1 -0.81999999999999995 0.62383226020162075 -0.84352370600405668 -1.2767881837381099
144 2 0.40999999999999998 0.50512021420553455 0.44072584596328962 0.76351079882438289
145 2 0.40999999999999998 -0.94605636656161074 0.75760662352640318 0.55677065635627465
146 1 -0.81999999999999995 -1.1162479002507639 -0.58477368528677132 -1.2251228348346339
147 2 0.40999999999999998 0.69604676545945388 0.3427418366759164 0.90639918746141945
148 2 0.40999999999999998 0.14468556882915265 0.14209879647006746 0.14800601164174851
149 1 -0.81999999999999995 -0.58684879761631548 0.58914424423342593 0.074928434373660022
150 2 0.40999999999999998 0.30739383957274996 -0.46620849532399894 -0.18077588695288671
151 2 0.40999999999999998 0.27500801536718134 0.11578874524213052 0.20613728627794159
152 1 -0.81999999999999995 -0.18028577144400831 -0.79591521522748809 0.21812189082791558
153 2 0.40999999999999998 -0.2457028946318417 0.71409403909512226 -0.16183462727942613
154 2 0.40999999999999998 0.23303938108022704 0.0052187363809158881 0.020391355602142815
155 1 -0.81999999999999995 -0.065381806229795128 0.54256179065224275 0.097905301956008911
156 2 0.40999999999999998 -0.4277512611732246 -0.69699272416675495 0.061969530675567437
157 2 0.40999999999999998 0.55645115416253321 0.17259371993485192 -0.20081230912042339
158 1 -0.81999999999999995 0.06239532151182816 0.075624039916177305 1.6429257542471996
159 2 0.40999999999999998 0.1424323735768499 -0.55463870056237352 -0.27778916436950768
160 2 0.40999999999999998 -0.39905123036142515 0.39313175857821736 -1.423433544600887
161 1 -0.81999999999999995 0.39380054362990941 -0.61651006627644811 0.83152764602311158
162 2 0.40999999999999998 -0.72255440290159734 0.08163876291554302 -1.080778250551363
163 2 0.40999999999999998 0.211750100404549 0.52674510308405686 0.22354962756396726
164 1 -0.81999999999999995 -0.14380541358489163 -0.24400395633984134 1.1538089004859644
165 2 0.40999999999999998 -0.26216490152683819 0.25461807431067068 -1.1979991398181462
166 2 0.40999999999999998 0.13967412542019195 0.11779766583907263 0.053028871778049658
167 1 -0.81999999999999995 -1.198507246730014 0.48562755364186033 -0.2837206641191018
168 2 0.40999999999999998 0.17664909050191624 -0.66763173715902824 -0.096774022569543705
169 2 0.40999999999999998 1.0576980361806128 0.35846276216379358 0.58119715278662487
170 1 -0.81999999999999995 1.3165901134255635 -0.19002443718251613 2.3159686567589581
171 2 0.40999999999999998 -1.3728799332288011 -0.33429317046396856 -0.66004037363914192
172 2 0.40999999999999998 -0.19641375759561605 0.5648201781988631 -1.6599276219829466
173 1 -0.81999999999999995 1.1077953936755145 2.3020800388752307 -0.98384749487458323
174 2 0.40999999999999998 -0.19219498258266984 -2.1747401794456214 0.97123698470870345
175 2 0.40999999999999998 -0.89005073691469805 -0.045132622394379728 0.5099198152013128
176 1 -0.81999999999999995 -0.047219879250332837 -0.57852388055209381 -0.057032396964090869
177 2 0.40999999999999998 -0.0090253306716844006 0.022483729586282888 0.41154118513833216
178 2 0.40999999999999998 0.40575052538216927 -0.09566727335890976 -0.35922556699795533
179 1 -0.81999999999999995 0.70386112765086173 0.2504849882087023 -1.1305030399306588
180 2 0.40999999999999998 -1.2890605140590345 -0.67331484780131479 1.4902754003182122
181 2 0.40999999999999998 0.30604235183051315 0.34494452730641373 -0.50130124288665623
182 1 -0.81999999999999995 0.44993899263537102 -0.60870228011631 0.0007076991614376445
183 2 0.40999999999999998 0.1356128292648921 0.030024743311566387 0.038963970421784559
184 2 0.40999999999999998 -0.39246172657032913 0.60953939898139453 -0.046721652185104608
185 1 -0.81999999999999995 -0.21440187217111289 -1.3617833788939226 1.3386134429497951
186 2 0.40999999999999998 -0.057321398719735031 0.54656747223266644 -1.2200005307301212
187 2 0.40999999999999998 0.57223763393979787 0.86000438653817102 -0.12950276150159987
188 1 -0.81999999999999995 0.74319875727995532 -0.62031696712434747 -0.66906666627144185
189 2 0.40999999999999998 0.075158828861080981 0.015120948681750776 0.36254351872303781
190 2 0.40999999999999998 -0.76278538252346584 -0.017366579495995169 0.51595976957393319
191 1 -0.81999999999999995 -1.2731127020777724 -0.5763640219018874 0.61049532197820167
192 2 0.40999999999999998 0.26977923848314561 0.65522848648921195 -0.51467381973793258
193 2 0.40999999999999998 1.0945319790118095 -0.26947613465794917 0.056560946096400923
194 1 -0.81999999999999995 -0.67425613454219224 -0.76208549649925661 0.35117591872835169
195 2 0.40999999999999998 -0.084502209861806649 1.3414203260280908 -0.69287558262706894
196 2 0.40999999999999998 0.80731414867252194 -0.89457875487789973 0.30735330082400109
197 1 -0.81999999999999995 -2.1512513469541297 0.42724984318527459 -1.5087369096505727
198 2 0.40999999999999998 1.4056279447030477 -1.3541468239043049 1.0140144774751931
199 2 0.40999999999999998 0.6860925498950603 1.5634840398261474 0.37665775474329172
200 1 -0.81999999999999995 0.33167549669488655 0.33932265820099844 -0.51346308075611358
201 2 0.40999999999999998 -0.41828050816558832 -0.53263155337251233 0.2832538185091566
202 2 0.40999999999999998 -0.49449140635269634 -0.35179900571045913 -0.58110758515175354
203 1 -0.81999999999999995 2.1315507568224477 -0.80157923819169397 -2.0946864178759248
204 2 0.40999999999999998 -0.7363667807251848 -0.51546081951805967 1.6234328713738126
205 2 0.40999999999999998 -0.6319382987770128 0.51885885466527237 0.43890523113646041
206 1 -0.81999999999999995 0.21385317814418883 0.10415986758957343 -0.69736626704273907
207 2 0.40999999999999998 -0.19332079635068608 0.017223764195524134 -0.23220765017199313
208 2 0.40999999999999998 0.21909102526164137 -0.22479573377337078 0.83585290299779547
209 1 -0.81999999999999995 0.082593514235370494 -0.21508182852992158 -0.63451699152994123
210 2 0.40999999999999998 -0.033207520056454651 0.91626866544378316 1.0393016756553146
211 2 0.40999999999999998 -0.40434609330871513 -0.89797263090390278 -0.22583888372357078
212 1 -0.81999999999999995 0.9574277751872412 -0.48036939765476333 -0.40994621316695778
213 2 0.40999999999999998 0.36841855063441803 -0.041538780693043273 0.13907989132631965
214 2 0.40999999999999998 -1.2354138741093843 0.19728597419658248 0.41857565494340021
215 1 -0.81999999999999995 -0.79368385273395092 -0.82040648549526873 -0.84856121676292262
216 2 0.40999999999999998 0.31097023327967666 0.15913998319631947 0.30311555140715474
217 2 0.40999999999999998 0.41824347584555543 0.35904909530605167 0.37507145812964698
218 1 -0.81999999999999995 0.1680184585609231 2.075071785800866 -0.8406697961186903
219 2 0.40999999999999998 -0.84775791335271533 -0.98514103724415458 0.98633159435013695
220 2 0.40999999999999998 0.62352244862032458 -1.0362941845505151 -0.11560292025680535
221 1 -0.81999999999999995 -0.91842817921870545 1.6284444085479231 -0.30584838856360619
222 2 0.40999999999999998 0.026009010381029016 -0.39387221416748119 -0.011283343357275067
223 2 0.40999999999999998 0.86869328658374678 -1.2183843929006144 0.76121061575120796
224 1 -0.81999999999999995 1.5740088930278509 0.73081442523771456 -0.83097602347181443
225 2 0.40999999999999998 -0.5569341179384828 0.040148143727648952 0.05667130022818638
226 2 0.40999999999999998 -0.97406592022190186 -0.55159742646663579 0.81924786053391074
227 1 -0.81999999999999995 -1.3233382843783466 0.98815578252056724 0.6947476934457264
228 2 0.40999999999999998 1.0604496997972954 -0.75790633435015964 -0.22634291852276217
229 2 0.40999999999999998 0.061694368010321361 -0.31774270183786985 -0.92120471770197287
230 1 -0.81999999999999995 0.95422635264194999 0.70043269935481078 0.34355040077169025
231 2 0.40999999999999998 -0.58795571386282053 -0.91780172909903346 -0.32920727842801906
232 2 0.40999999999999998 -0.62672029174254584 0.13962776432469173 -0.19122506159276334
233 1 -0.81999999999999995 0.4331810611981019 -2.311881047937165 -0.10487139250300627
234 2 0.40999999999999998 -0.13728672697393476 1.0510392904206995 -1.2687896178972011
235 2 0.40999999999999998 -0.059943491120590928 0.80745446865362391 1.3048543315782459
236 1 -0.81999999999999995 1.1706508619246467 -0.76394185595083197 -1.2659986209598799
237 2 0.40999999999999998 -1.5703004121517123 0.97787862015889981 1.376260872896335
238 2 0.40999999999999998 0.23686136072357675 -0.33619854495058005 -0.37693495033972746
239 1 -0.81999999999999995 0.043031257578319153 -1.9149677753684957 -2.0787596510891473
240 2 0.40999999999999998 0.40758900714903973 1.156439030776548 2.3719920903399014
241 2 0.40999999999999998 -0.45069362864127033 0.41967073441811809 0.0037950885702380775
242 1 -0.81999999999999995 -0.24063731826718901 0.51150094930648227 0.6642129240242659
243 2 0.40999999999999998 -0.093649974829204771 0.0044799055931476726 0.14674711700728568
244 2 0.40999999999999998 0.35884503127289835 -0.48005980446304175 -1.0081853128724119
245 1 -0.81999999999999995 -0.14541820008327569 -0.30762169727109184 -0.44456784491041246
246 2 0.40999999999999998 -0.20439681693235695 0.072731374181290512 0.73340354746294334
247 2 0.40999999999999998 0.48402736337752422 0.28721538787202078 -0.12015798232697485
248 1 -0.81999999999999995 0.62785091432951146 -0.60821868858427752 0.63325681267568434
249 2 0.40999999999999998 -0.23112933889534606 0.023354579423323321 -0.60781585524594073
250 2 0.40999999999999998 -0.69731529645578905 0.57467322223341832 -0.064020736929601085
251 1 -0.81999999999999995 -0.49734722368788659 -1.6260039319969566 0.7524690953433707
252 2 0.40999999999999998 0.74113213400178113 1.1454143046039071 -0.1117592131988769
253 2 0.40999999999999998 0.22780259430877534 0.8423160805594061 -0.3288543901775427
254 1 -0.81999999999999995 0.13260374684895546 -0.7426586293278975 -0.34232827579233321
255 2 0.40999999999999998 0.45070217646027466 0.36573453081657648 -0.32126276554658567
256 2 0.40999999999999998 -0.090474256787110366 0.42031927743172531 0.52579739242924672
257 1 -0.81999999999999995 -0.074067178554321503 -0.9906253569135165 1.5099131963642027
258 2 0.40999999999999998 0.71438314816935045 -0.013491476918404873 -0.6023696625962025
259 2 0.40999999999999998 -0.46936906562264052 0.82005391016719964 -0.71600427373475717
260 1 -0.81999999999999995 0.63563832084229199 0.54384329323550373 -0.17388011285950533
261 2 0.40999999999999998 -0.036467938867350544 0.13287357194232932 -0.29173035912521589
262 2 0.40999999999999998 -0.73484877300661755 -0.72998270564028267 0.3772816809839879
263 1 -0.81999999999999995 1.121892989449641 -0.70490143330173705 0.52410680117640329
264 2 0.40999999999999998 0.22341693290699013 0.5709974645324688 -0.15064059735880464
265 2 0.40999999999999998 -1.2606940188592195 0.50780937732784615 -0.39597484521871912
266 1 -0.81999999999999995 -0.58458390777630742 -0.056854756465806865 1.5895765709536662
267 2 0.40999999999999998 0.14686530989728414 -0.1999268507699479 0.05938448712519457
268 2 0.40999999999999998 0.67052803305394171 0.26701839455136234 -1.7887569486437656
269 1 -0.81999999999999995 0.34558222619804707 -0.15675801653182722 -0.89505862669936531
270 2 0.40999999999999998 0.65734932249789191 0.33100528616750091 0.11083141845622541
271 2 0.40999999999999998 -1.1711846898843941 -0.29366519045414491 0.7440956754701652
272 1 -0.81999999999999995 -0.92428021168176511 0.51403537763349427 -0.11507979130838325
273 2 0.40999999999999998 0.120700907530189 -0.38061595513188162 -0.057105896727832076
274 2 0.40999999999999998 1.0571496526260387 -0.080975574054832938 0.054070810995811701
275 1 -0.81999999999999995 1.6209569039203207 -3.4288722923055825 0.52055118892762686
276 2 0.40999999999999998 -0.017705313146853665 1.9912701416741976 -1.3679147988867888
277 2 0.40999999999999998 -1.4730953116190382 0.87455477537218129 0.67874542619718836
278 1 -0.81999999999999995 1.8893454629587891 1.0413157754315518 -1.0595921366164034
279 2 0.40999999999999998 -1.6724084642445327 0.47274920071285009 0.71925053994564203
280 2 0.40999999999999998 0.084569623751691816 -0.95130565846716331 0.52980750095609719
281 1 -0.81999999999999995 -0.23929605694894271 -0.13460163790955199 -0.75511039199039465
282 2 0.40999999999999998 0.42069021575109511 0.10820427740104671 0.62682168150522888
283 2 0.40999999999999998 -0.085879043789870657 -0.13912524813309576 -0.15690716951407693
284 1 -0.81999999999999995 -0.65527314424306105 -0.91185581501398616 -1.4260172197878687
285 2 0.40999999999999998 0.3621641678104785 -0.88373473511210709 0.43112034372337155
286 2 0.40999999999999998 0.14150539770626383 1.6958715094171526 1.1646108576223937
287 1 -0.81999999999999995 0.54085760020830054 0.93928321069032983 -1.0348963988476518
288 2 0.40999999999999998 0.14674513311706139 -0.15556178920843147 0.11480887515869292
289 2 0.40999999999999998 -0.78798273022261922 -0.53382598358995603 0.66218319378180757
290 1 -0.81999999999999995 1.2895031455513708 -1.4353358785125159 0.14745704407575433
291 2 0.40999999999999998 -1.1146356379290387 0.51366598485721393 -0.6035112488668638
292 2 0.40999999999999998 -0.13024100173307337 0.46151324123559179 0.4050078982856084
293 1 -0.81999999999999995 0.88029143636517848 0.4946179761499338 -0.48551764413901338
294 2 0.40999999999999998 -0.072281905775368707 -0.073520078125890773 0.14897369500915716
295 2 0.40999999999999998 -0.70064352957752607 -0.49338041014223882 -0.09098675547370022
296 1 -0.81999999999999995 0.96648640215914194 0.10269430630655996 0.14790395072438015
297 2 0.40999999999999998 -0.25662548507474237 0.18550307390285545 -0.21108687510302032
298 2 0.40999999999999998 -0.69991700739452944 -0.35283863484626438 0.084899365559792245
299 1 -0.81999999999999995 -0.18768618780993634 1.2332785787296516 -0.22623332276060404
300 2 0.40999999999999998 -0.0039577884996347098 -0.11546957110256617 0.31362267055529758
301 2 0.40999999999999998 -0.51513240485449885 -1.265233190526343 0.18303863689005812
302 1 -0.81999999999999995 2.851635298405951 -0.27668050756537271 0.2304654102609528
303 2 0.40999999999999998 -1.323410168686767 0.54386853143689684 0.52149867441460684
304 2 0.40999999999999998 -1.3480410815431496 -0.58662654388818225 -0.9129970325580129
305 1 -0.81999999999999995 0.53681980686993847 1.0116006687430821 0.16530263342228682
306 2 0.40999999999999998 -0.21187681286279189 -0.97664754433102752 -0.42198321776046366
307 2 0.40999999999999998 -0.30807059849751312 -0.1728495760729471 0.28111434497529375
308 1 -0.81999999999999995 -1.4956552469888995 0.2632410875642216 -1.6817656303097925
309 2 0.40999999999999998 0.20814798806877632 -0.34503221187691124 1.1668351887563531
310 2 0.40999999999999998 0.98195628447997063 0.1487379956801359 0.31140889194056798
311 1 -0.81999999999999995 -1.9259892530859652 -0.1623593712336332 -0.29520859677005884
312 2 0.40999999999999998 0.83667511745846868 0.24559053366862538 1.0046922634373685
313 2 0.40999999999999998 1.1534966587270608 -0.015622646425339379 -0.44807669216891161
314 1 -0.81999999999999995 0.47786864816327135 -0.7300058491642275 -0.97886686110113508
315 2 0.40999999999999998 0.21038029017669316 0.22775358296412096 0.18669219979421836
316 2 0.40999999999999998 -0.6648631263767647 0.46168420786464393 0.6340867499950954
317 1 -0.81999999999999995 -0.57227348583018389 -0.80159646431768183 0.05467063343504714
318 2 0.40999999999999998 1.4349715894722714 0.13525343914238153 -0.56147499291854608
319 2 0.40999999999999998 -0.57723168793528246 0.77473237934749739 0.42422236587535284
320 1 -0.81999999999999995 0.50581059954574437 0.4733145261196457 0.79294149989869189
321 2 0.40999999999999998 -1.1801899429564746 -0.71034021127975022 -0.28816875783234125
322 2 0.40999999999999998 0.474574366185739 0.34262537668925847 -0.26687649855787621
323 1 -0.81999999999999995 -0.60321892026100266 0.44018851573546958 0.22526190214237901
324 2 0.40999999999999998 0.9621742815149894 -0.2549805232997871 -0.92808773920343379
325 2 0.40999999999999998 -0.0018068318806440519 0.069112360134800585 1.0040037077085346
326 1 -0.81999999999999995 -1.2356082612874224 0.54228458106020183 -1.1866975084144895
327 2 0.40999999999999998 0.13719396682240048 -0.3133317629640423 0.19613071037160126
328 2 0.40999999999999998 1.0750312895126302 -0.21101097379565442 0.84934210327749793
329 1 -0.81999999999999995 -0.15473177135014562 0.28186863290355801 0.087115140711613887
330 2 0.40999999999999998 -0.11207596904496978 -0.47953469430338869 0.086761404410657883
331 2 0.40999999999999998 0.18116719219655969 -0.0046697441873410203 -0.27434025129694883
332 1 -0.81999999999999995 1.657442790993306 -0.37868585845790459 -2.1187998757443038
333 2 0.40999999999999998 -1.5241940342670353 1.0932406399295493 1.5248866662468863
334 2 0.40999999999999998 0.1937240361988686 -0.4815062189638073 0.29932496871647241
335 1 -0.81999999999999995 1.6872015138759344 -0.86736149314550526 -0.69369281256233062
336 2 0.40999999999999998 -1.4638080838016494 -0.1877036685237462 1.2967224662334937
337 2 0.40999999999999998 -0.53855792777888434 0.50384971146355073 -0.29068455991073822
338 1 -0.81999999999999995 1.5130189189546028 2.8809243094023755 -1.7288608984379854
339 2 0.40999999999999998 -0.040974762430123518 -1.2245586277396185 1.7654518789575986
340 2 0.40999999999999998 -1.4416107159489855 -1.4950252153663195 -0.32935614178707762
341 1 -0.81999999999999995 -0.00046996912329936121 0.30775094583170404 -2.4418400333422929
342 2 0.40999999999999998 1.1173198830981859 0.48745714838984938 2.548281377419372
343 2 0.40999999999999998 -0.70268584923429533 -0.47083887986076961 -0.13208126712650378
344 1 -0.81999999999999995 1.4240425759280835 -0.33336874024194491 -2.7654645906843158
345 2 0.40999999999999998 -0.73948090886150653 0.39107352667808171 0.29927961364551114
346 2 0.40999999999999998 -1.0060827109947639 -0.078583542575638987 2.2052878841422459
347 1 -0.81999999999999995 0.58848312814663439 -0.50562555323579672 -0.80193194403018941
348 2 0.40999999999999998 -0.41681185064135212 0.60463093740765572 0.065585738245117362
349 2 0.40999999999999998 -0.28240495034010693 -0.10985845335628673 0.49568796980498903
350 1 -0.81999999999999995 -2.1286579025350312 1.3876227479750836 -2.6083743604400027
351 2 0.40999999999999998 1.1024643748115617 -0.30794535294821707 -0.27653846221519307
352 2 0.40999999999999998 0.87899982952737798 -1.150851926492461 2.6145952639158567
353 1 -0.81999999999999995 0.47112712295521197 -0.58902547790453197 -0.19621812180481438
354 2 0.40999999999999998 -0.18700122989288503 0.42105071138422612 -0.17389770993910714
355 2 0.40999999999999998 0.0011436976703653472 -0.13041847660879063 0.67626212915364625
356 1 -0.81999999999999995 -0.29582477203689678 -0.59788695366613676 -0.38463271029249774
357 2 0.40999999999999998 -0.086956778236853466 -0.18485723770270099 -0.061970149456213333
358 2 0.40999999999999998 0.34914418799719332 0.77225152719421275 0.45082539770626079
359 1 -0.81999999999999995 -0.60822429475220263 0.77109119920279534 0.09709256462554075
360 2 0.40999999999999998 0.34377361230921566 -0.46652436719214235 -0.33636740682666266
361 2 0.40999999999999998 0.43434817349059307 0.021131047625842465 0.39709091211423042
362 1 -0.81999999999999995 -1.472774186284431 0.87774813220972014 0.96569245517213964
363 2 0.40999999999999998 0.5481703031460945 0.5540726041996783 -0.41302671011949527
364 2 0.40999999999999998 1.2689574417046989 -1.479456997852953 -0.82095769339607305
365 1 -0.81999999999999995 -1.1433820980606106 0.61749101447243682 0.19959146562252833
366 2 0.40999999999999998 1.0093368939422018 -0.00084636530971791892 0.33677545281589305
367 2 0.40999999999999998 0.1002992299097594 -0.16687728369862759 0.044752028334135018
368 1 -0.81999999999999995 0.25758213574835342 0.96642380308797582 -0.1168948679870474
369 2 0.40999999999999998 -0.078041706057556559 -0.89176376411444302 -0.40463512913224581
370 2 0.40999999999999998 0.373227631863218 0.2655982965119586 0.15925593287858275
371 1 -0.81999999999999995 0.59217603658193341 -0.44041270808781369 0.38003572049170309
372 2 0.40999999999999998 -0.45200225486148748 0.15547458204147546 -0.59685673504214054
373 2 0.40999999999999998 -0.62225468270887718 0.13105427555805449 0.26279469143032091
374 1 -0.81999999999999995 1.7834521038068745 0.069478627937112264 -0.13982753595562994
375 2 0.40999999999999998 -0.54278634685713834 -0.64995304268911436 0.0242102275631586
376 2 0.40999999999999998 -1.0951221681860284 0.60262106481184008 0.025016178841558989
377 1 -0.81999999999999995 0.27458645463807918 0.55457436720183806 -1.4261587903142485
378 2 0.40999999999999998 0.30029432012958251 0.16046355350436395 1.3837807927425625
379 2 0.40999999999999998 -0.54936902827911926 -0.79763094763688025 0.23370693272937318
380 1 -0.81999999999999995 0.46408165926830197 -0.82134635565655012 -0.50281333363821434
381 2 0.40999999999999998 -0.62486825667828272 -0.25992420077492168 0.4692045907054998
382 2 0.40999999999999998 0.079330108240776645 0.8630367462389319 0.13321124333384621
383 1 -0.81999999999999995 1.2263914830966449 0.15735918278171601 -0.49623687643919412
384 2 0.40999999999999998 -0.74449083484141187 0.054573088597252926 0.12356970995518748
385 2 0.40999999999999998 -0.037011212782119454 -0.18551877396767744 0.39300533091880235
386 1 -0.81999999999999995 -1.4146361272385248 0.30514586099530405 2.0615357186571162
387 2 0.40999999999999998 1.5506040246516251 -0.32048727900619778 -1.7599918310840461
388 2 0.40999999999999998 -0.021414452337074282 0.061925822020642847 -0.4444576729190387
389 1 -0.81999999999999995 -0.8961248453556856 0.27612762373322935 -0.82746322529213889
390 2 0.40999999999999998 -0.8675073598080405 -0.22642766234926723 1.3519800040394219
391 2 0.40999999999999998 1.9080941397083311 -0.054005013983235421 -0.3105939000016234
392 1 -0.81999999999999995 -0.34860282326664199 -2.3167172534881102 0.17307200059827729
393 2 0.40999999999999998 0.25303892657206739 2.0836831727475653 0.80951589579206451
394 2 0.40999999999999998 0.10851756086381203 0.23509813334033319 -0.94740397980126345
395 1 -0.81999999999999995 0.077129497722250445 -0.14307853034886117 0.29798093269122844
396 2 0.40999999999999998 -0.80475707349716219 0.21235579987799511 -0.37002440365621975
397 2 0.40999999999999998 0.46631307496027458 -0.15961784431483911 -0.16011465257498703
398 1 -0.81999999999999995 0.63368004366321562 0.54658512460841169 0.35380964935662162
399 2 0.40999999999999998 -0.24571564820358807 -0.69648082254790866 -0.50313554984075359
400 2 0.40999999999999998 -0.32664404393480517 -2.2824335223263292e-05 -0.024998187821698895
401 1 -0.81999999999999995 1.6176489180521088 1.1883678059871776 0.64568280181363913
402 2 0.40999999999999998 -0.83807288900054289 -0.69141028972735219 -0.4201670253607902
403 2 0.40999999999999998 -0.72312756040039794 -0.23287223481664995 -0.49124932644616598
404 1 -0.81999999999999995 0.6520122456728713 -0.47632634338108909 -2.4420370251404204
405 2 0.40999999999999998 -1.1900499647947591 0.016720133685537958 2.4716718268311482
406 2 0.40999999999999998 0.55876286072596359 0.26292887747041693 -0.16566255315773692
407 1 -0.81999999999999995 1.0291589674877619 0.79551772079503213 0.27173366221775952
408 2 0.40999999999999998 -0.33469182274539805 -0.12137561526326854 0.30023272284852792
409 2 0.40999999999999998 -0.80960936613896561 -0.56538464123234 -0.3799585761523151
410 1 -0.81999999999999995 -0.4738493701999888 -1.1107054515385337 -2.080244293749193
411 2 0.40999999999999998 0.22055085088319448 -0.31603785594005834 1.2027167078579484
412 2 0.40999999999999998 0.40191489212495157 1.5077165435906441 0.66111755365944103
413 1 -0.81999999999999995 -0.52861475002607838 0.95373518501958676 -1.160138654772555
414 2 0.40999999999999998 0.38445431244262501 -0.050791488507985712 0.64856341355722202
415 2 0.40999999999999998 0.23134986072034613 -0.52817634892510024 0.095451418336293295
416 1 -0.81999999999999995 -1.4106887674787481 2.5155182575786714 0.21839651565702564
417 2 0.40999999999999998 1.5104552019483755 -1.6134541966238576 0.70359279183794243
418 2 0.40999999999999998 -0.12922363086562258 -1.1814240716742903 -0.88633926980759303
419 1 -0.81999999999999995 -1.2506750525939636 0.49796513114637347 -0.28294253642081707
420 2 0.40999999999999998 0.69395447688721734 -0.73824624480006207 -0.269538390938592
421 2 0.40999999999999998 0.40878102337476269 -0.31785720004078549 0.38687415984719797
422 1 -0.81999999999999995 1.2119658770737429 0.66899342458045263 -0.63463563022540759
423 2 0.40999999999999998 -1.5481940134769496 -0.65003660712475253 0.52066696872807494
424 2 0.40999999999999998 0.4324716323344302 -0.023851646898265629 -0.087354138809765475
425 1 -0.81999999999999995 -1.702779690700216 2.0940816104092628 0.97518216714921779
426 2 0.40999999999999998 1.7378122445552509 -0.25276467450523343 -0.87495638601525993
427 2 0.40999999999999998 0.22761073792377737 -1.6908124016968313 -0.23343990498583433
428 1 -0.81999999999999995 1.6486179876653502 0.97703194987574982 -0.04019248174889678
429 2 0.40999999999999998 -0.41471361626574293 -0.79815171348377001 0.21029374710144774
430 2 0.40999999999999998 -1.1409074992969142 -0.16643868629810693 -0.033613978404570408
431 1 -0.81999999999999995 0.29954224131468415 0.32140408167385953 -1.0917903889077403
432 2 0.40999999999999998 0.45885107615070758 0.26975975353289089 0.28504057090712775
433 2 0.40999999999999998 -0.64958085994730963 -0.39099887859553611 0.35950588401369182
434 1 -0.81999999999999995 -0.40346041096165464 1.4403080037301526 -0.38963562147449499
435 2 0.40999999999999998 0.33542772959403294 -0.92426870709217068 0.15442461711215583
436 2 0.40999999999999998 -0.10875166334079663 -0.32113682117382791 0.080227488309755263
437 1 -0.81999999999999995 -0.17249691059425615 0.66145803181988816 0.1436996757029439
438 2 0.40999999999999998 0.077954203918343526 -0.21307450891084484 0.10153549654154215
439 2 0.40999999999999998 0.26511369196986218 -0.31518013351167773 0.019359688240744542
440 1 -0.81999999999999995 0.40608838479984821 -1.9422440345514764 0.6040689957270714
441 2 0.40999999999999998 0.40716362474649942 2.3298742534417625 -0.32765144280052066
442 2 0.40999999999999998 -0.72022696141615716 -0.52310037383592889 -0.26827896862198475
443 1 -0.81999999999999995 0.20989181192171882 0.62144129401550718 -1.9050462326551751
444 2 0.40999999999999998 1.0091763806495742 -0.77697878565686151 1.1333959539730751
445 2 0.40999999999999998 -1.1706687228903363 -0.053217104873624181 0.73531016737261867
446 1 -0.81999999999999995 0.85997008230272043 0.473765225293305 0.36996675778108074
447 2 0.40999999999999998 -1.2558623987877773 0.40394562361754732 -0.050180455707630703
448 2 0.40999999999999998 0.44886768334855709 -0.63179021734038254 -0.45921478689323364
449 1 -0.81999999999999995 0.73515618785769377 -1.3780286703267934 -1.4886686151704527
450 2 0.40999999999999998 -0.30802767725129232 2.0531559686674181 1.2447939725185613
451 2 0.40999999999999998 -0.64326270726166512 -0.53782043046911787 0.19294702202508721
452 1 -0.81999999999999995 0.2369752378310413 0.043557141312025281 -0.50947747354888917
453 2 0.40999999999999998 0.12736778193829326 0.53070232094784053 -0.034624080525371553
454 2 0.40999999999999998 -0.30833971348021871 0.025601660919480993 0.32730688159267279
455 1 -0.81999999999999995 -0.29088601880265058 -0.37201504250640538 -0.23903390152433002
456 2 0.40999999999999998 -0.57201060249463453 -0.29498183121300003 -0.24163468149243672
457 2 0.40999999999999998 0.49590590031022885 0.76321276876605815 0.64308516459422438
458 1 -0.81999999999999995 -1.301427269005033 -0.24474775229639747 0.85690013474787197
459 2 0.40999999999999998 1.4098259443134522 -0.65821933205200966 -0.34872837410338381
460 2 0.40999999999999998 -0.43065137459555103 0.74696904676122955 -0.37725879917425809
461 1 -0.81999999999999995 0.59108600569463554 2.2852603286689042 -0.87743866943191817
462 2 0.40999999999999998 0.25156059158652816 -0.042032754621889767 0.73723802257116877
463 2 0.40999999999999998 -0.81349525473380657 -1.9951341800051787 0.22629911157896729
464 1 -0.81999999999999995 -0.11591190283278782 -1.5068486024909067 -1.2447292213879209
465 2 0.40999999999999998 0.22875049348899329 0.054438805664329917 -0.025720725772415489
466 2 0.40999999999999998 -0.070974295801005963 1.5960053253678921 1.5748798738066974
467 1 -0.81999999999999995 -2.7959560324072461 -0.16774964056276734 -2.8024937901151312
468 2 0.40999999999999998 0.024842370772120755 0.33467406549537221 2.1805236195933757
469 2 0.40999999999999998 3.012938663704587 0.11751345987702327 0.64312768498269202
470 1 -0.81999999999999995 0.82715276121992143 0.38671901528355301 0.0079048871967052018
471 2 0.40999999999999998 0.2512560443769542 0.52457087788765611 -0.50850528802172446
472 2 0.40999999999999998 -0.88879718917772921 -0.56400954106461798 0.6600331713351516
473 1 -0.81999999999999995 -1.0108356216849335 -0.13461820329737198 -0.22058204255182434
474 2 0.40999999999999998 1.0951292214592725 -0.028309777304672341 -0.42037858254706634
475 2 0.40999999999999998 0.20386461364725011 -0.26899709456803428 0.05617570809869292
476 1 -0.81999999999999995 0.65564750483525081 -0.2638530904704266 -0.12885645326175016
477 2 0.40999999999999998 -0.39777068620453626 0.067391132914443277 -0.027122956855393766
478 2 0.40999999999999998 -0.24459020132310111 0.0041149407875501242 -0.15601529854565419
479 1 -0.81999999999999995 -2.5157987050368376 0.90890288401498964 -0.55062871533858415
480 2 0.40999999999999998 1.8610888236188801 -0.16783573659508694 -0.097683042111809823
481 2 0.40999999999999998 0.24477383629503369 -0.24795151217379205 0.46090514648930658
482 1 -0.81999999999999995 -0.91506126338910365 -0.82612429562751399 -0.94802585220359847
483 2 0.40999999999999998 0.44710253675292816 1.4669245291679416 0.21650994978796401
484 2 0.40999999999999998 0.0874231918221266 -1.0791687808430535 0.73131278483296147
485 1 -0.81999999999999995 0.97569333533816893 0.85619657662361182 -0.44614886049125801
486 2 0.40999999999999998 -1.173881587198264 -1.0313674471414378 0.036111180180713374
487 2 0.40999999999999998 -0.25664950971345629 -0.14278260866107212 -0.115494483955079
488 1 -0.81999999999999995 0.12396870244322919 0.17467949680062503 -0.53395282537422073
489 2 0.40999999999999998 -0.36714849360486368 -0.25131532720433031 -0.44194572780872388
490 2 0.40999999999999998 -0.21702627606826089 -0.18142710299942566 0.79462470245307437
491 1 -0.81999999999999995 -0.28827293499668039 -0.36237667900243847 2.1817592535629511
492 2 0.40999999999999998 1.5547338421151353 0.313323523416975 -0.53793194167929359
493 2 0.40999999999999998 -1.6768411371155394 0.0265996104952245 -1.2635255570539283
494 1 -0.81999999999999995 0.97920845297589643 -2.3440025703076133 1.2145699457948038
495 2 0.40999999999999998 0.99157520762878848 0.29853619349199001 -0.37490067406592142
496 2 0.40999999999999998 -2.141907203033321 1.9832919791382855 -0.69207818483120531
497 1 -0.81999999999999995 -0.57843298471587212 0.48612119561833411 0.46491769407889105
498 2 0.40999999999999998 0.52682064784028371 -0.12609604242321903 -0.55661958674491185
499 2 0.40999999999999998 0.3916013464040235 -0.23487046980306273 0.022684282286815221
500 1 -0.81999999999999995 -0.71130407376212634 -0.13378894012972667 -1.4870926695612048
501 2 0.40999999999999998 0.25191591638838173 -0.0097974162944350594 -0.24060582815341489
502 2 0.40999999999999998 0.52498355001046937 0.19806642614949313 1.5245787807527005
503 1 -0.81999999999999995 -0.64049069621539179 0.59407271394214556 2.4987222566378633
504 2 0.40999999999999998 0.76837974374294282 -0.1824502080334654 -1.4185688948198611
505 2 0.40999999999999998 -0.83552386395283929 0.23218413390941667 -0.88472384763312562
506 1 -0.81999999999999995 1.032897080186173 1.0867869189799024 0.62209002048812667
507 2 0.40999999999999998 -1.2546380364476075 -1.0853850307228372 -0.92381746160557021
508 2 0.40999999999999998 0.10836171969404849 -0.3511316960581462 0.35688582422338899
509 1 -0.81999999999999995 2.8936591912527634 -0.7679142277924812 -1.6556320431046125
510 2 0.40999999999999998 -2.1222806631341609 0.065880738179111331 2.2457745499077588
511 2 0.40999999999999998 -0.46587416266653753 0.53482462861400171 -0.15991695917089488
512 1 -0.81999999999999995 -0.33903325734032852 -0.036425706699877172 -0.42712049032520139
513 2 0.40999999999999998 0.43693586590584016 -0.20788554965098463 0.43844226338770637
514 2 0.40999999999999998 -0.025057229102336969 0.18876049381068064 -0.12955840101443822
515 1 -0.81999999999999995 -1.3846181360565855 0.35737346583970464 -2.5245622639509064
516 2 0.40999999999999998 1.2557370476296235 -0.10020852110439708 1.6647047566414788
517 2 0.40999999999999998 -0.31723108789563614 -0.21822905824531771 0.63154470835316878
518 1 -0.81999999999999995 -0.47750234440085826 -0.07863718798323692 0.2877937596275747
519 2 0.40999999999999998 -0.15395453744808882 -0.34066157446067552 0.013234665406164397
520 2 0.40999999999999998 0.45211386950953608 0.40706989795083942 -0.22001202465723993
521 1 -0.81999999999999995 -0.55610238811218238 0.54853680819337025 -0.35000787011360546
522 2 0.40999999999999998 -0.18638606524921683 0.4766631419220474 -0.090184478807832716
523 2 0.40999999999999998 0.56325227696182134 -0.87176671184890109 0.21033615066194533
524 1 -0.81999999999999995 -0.17702005121287293 -0.094868251668368431 -0.074656888474610106
525 2 0.40999999999999998 -0.075605628234016939 -0.10309819773788884 0.036862633458685186
526 2 0.40999999999999998 -0.022434513179043821 0.017615110181030399 0.14244228734181394
527 1 -0.81999999999999995 3.2192041141332006 2.414656592299159 0.62138099173615713
528 2 0.40999999999999998 -1.722995673256386 0.067655348294883538 0.63632948629544261
529 2 0.40999999999999998 -0.99354326928379222 -2.1798377625788059 -1.1931566606133748
530 1 -0.81999999999999995 -1.8301647361190463 0.65460237999388493 -0.12514100839498529
531 2 0.40999999999999998 1.3749945639399308 0.12807724685664953 0.51237403443562746
532 2 0.40999999999999998 0.29533145265184296 -0.81652323341234079 0.13861794174717004
533 1 -0.81999999999999995 0.96205655080030761 0.21029181956206325 1.1861454472944661
534 2 0.40999999999999998 -0.49969342936632316 0.0542964040663486 -0.24948873398775781
535 2 0.40999999999999998 -0.41305050060445558 -0.10369997741535353 -0.36214151417227758
536 1 -0.81999999999999995 0.93549622525181886 -0.83712190153160537 -0.1674469839373062
537 2 0.40999999999999998 -1.0058618524922129 0.33526308889641199 0.44353430341477779
538 2 0.40999999999999998 0.1380704262087219 0.15574659201313265 -0.282974702770322
539 1 -0.81999999999999995 -0.30192044820564984 -1.6804349519900972 0.73006410768063745
540 2 0.40999999999999998 0.097138578844483917 0.34978168237511548 -1.1547933780684261
541 2 0.40999999999999998 0.14284362468633521 0.96738516155069876 -0.23898920303912305
542 1 -0.81999999999999995 -0.39418832511515334 -0.45878169825025245 1.1269952281104769
543 2 0.40999999999999998 -0.031428156466432912 0.063798605947155029 -1.6266819486110948
544 2 0.40999999999999998 0.4905415221663223 0.55666573866328362 0.54721036093949993
545 1 -0.81999999999999995 -1.7910560298778229 -2.0169005324838118 -1.4803750104487163
546 2 0.40999999999999998 1.5770141005881522 1.6163467290427538 1.7921524529004238
547 2 0.40999999999999998 0.41319722093549205 0.2831927078291146 -0.044183577485506075
548 1 -0.81999999999999995 0.93645976808295017 -0.31033584751733745 1.3102110826397226
549 2 0.40999999999999998 0.19895641098044298 0.0055964453945114966 0.12188801213109569
550 2 0.40999999999999998 -1.3162370932839693 0.25617725313342166 -0.95016072431561249
551 1 -0.81999999999999995 0.21084027815508466 -0.23784602179882583 -1.3551468431011033
552 2 0.40999999999999998 -0.21584962632415561 0.27775285189521343 1.7451114559075565
553 2 0.40999999999999998 -0.13865913446714076 -0.19003020141598037 -0.40983418976277131
554 1 -0.81999999999999995 -0.056093351358877643 0.75875235594196166 -0.60482990019266092
555 2 0.40999999999999998 0.58819621944524236 -0.013519950931557688 -0.22933355565873073
556 2 0.40999999999999998 -0.72764705774126137 -0.88907089374684245 1.2157250767944077
557 1 -0.81999999999999995 0.97120297640775111 -0.052350618464917009 0.24157842528413084
558 2 0.40999999999999998 -0.76114465925210129 0.69640684923959628 -0.047737714900337652
559 2 0.40999999999999998 -0.57372690612327037 -0.54487536831632888 -0.088935573613866808
560 1 -0.81999999999999995 -0.57938989026982224 0.49442777842370011 0.12197488096390172
561 2 0.40999999999999998 0.067109287169848639 -0.046649778041833734 -0.0002735113110935107
562 2 0.40999999999999998 0.30766228914440907 -0.43304477564225713 -0.1518899568938841
563 1 -0.81999999999999995 0.32020687742675968 0.47712339237383911 0.024374614196511983
564 2 0.40999999999999998 -0.16279596993273529 -0.2806695395439015 -0.056259459588394359
565 2 0.40999999999999998 -0.13428455006842308 -0.30608078587641674 0.23207855162497998
566 1 -0.81999999999999995 0.53738473744242643 1.5733832543996411 0.37048998053971904
567 2 0.40999999999999998 -0.5569334537042524 -0.30592261880294869 -0.65653956874812303
568 2 0.40999999999999998 -0.14238904974433308 -1.1262283104129591 0.30787814278957426
569 1 -0.81999999999999995 1.5535803680280127 -0.98496789516381489 -0.61327899387796081
570 2 0.40999999999999998 -0.062498098826865377 0.15287885564486386 -0.74675331834853365
571 2 0.40999999999999998 -1.4035692697640543 0.77127758341915975 1.3827021530565955
572 1 -0.81999999999999995 -0.060505353827488131 0.0045612553743003825 0.69302451652731967
573 2 0.40999999999999998 0.062205153687699119 0.14838361778727899 -0.46945416411134211
574 2 0.40999999999999998 0.0081126717413439135 -0.1715600534161526 -0.063210848452463012
575 1 -0.81999999999999995 0.3983595283842144 -0.25324159807722429 -0.63654034504122314
576 2 0.40999999999999998 -0.5137291710300298 0.38865820245475702 0.19255098740030888
577 2 0.40999999999999998 -0.037113752734809546 -0.10855377375897721 0.24233134137648216
578 1 -0.81999999999999995 -0.4033931601587612 -1.1852616701044039 -0.90210135016602055
579 2 0.40999999999999998 -0.21957758076069042 0.062647346692445788 -0.085674210905223078
580 2 0.40999999999999998 0.27285616904433985 1.4525291796551876 1.4174002367779701
581 1 -0.81999999999999995 0.60901438075316894 0.99638115225492097 -0.6891353139132298
582 2 0.40999999999999998 -0.25979624018122094 -0.67999340046065138 0.58826086940168654
583 2 0.40999999999999998 -0.35838841795005866 -0.054433595987773059 0.18792050351435297
584 1 -0.81999999999999995 -0.93682293211078937 -0.36721434893463112 -1.732894208263269
585 2 0.40999999999999998 0.81002039978949414 -0.20932883492992146 0.90922212801707836
586 2 0.40999999999999998 0.33205277674962014 0.13094366149391168 0.51017621554570314
587 1 -0.81999999999999995 0.080200844529185189 1.2676430652768338 2.2867106105155091
588 2 0.40999999999999998 -0.23227919143773426 -0.68150703730923623 0.054882059121360051
589 2 0.40999999999999998 0.29082087285611324 -0.54872955751607899 -2.0901592097201589
590 1 -0.81999999999999995 1.7750943387303248 1.4529659759663138 -1.7102954639571051
591 2 0.40999999999999998 -1.5250854150048851 -0.16446344353688214 1.3568234239195029
592 2 0.40999999999999998 -0.35347653281745034 -1.1788786312590749 0.55994313623268932
593 1 -0.81999999999999995 1.0242786086451505 -0.57284455343659246 -0.73932965525951211
594 2 0.40999999999999998 -0.69719129111088396 0.51571766208845882 -0.057035516189865444
595 2 0.40999999999999998 -0.46201580765207279 0.023376174922106058 0.69906001770922488
596 1 -0.81999999999999995 2.0456128318245881 -0.25554445787512736 -0.82127353115516843
597 2 0.40999999999999998 -2.0996288080035055 0.38768568559652372 1.3979591571081504
598 2 0.40999999999999998 0.43045470920479939 -0.027515439152933849 -0.33671896463021711
599 1 -0.81999999999999995 0.57855845571393771 -2.1489457406921075 -0.73290020148306056
600 2 0.40999999999999998 -0.098047631599500362 0.36051646148407218 0.18933064022940654
601 2 0.40999999999999998 -0.81627300291989346 1.913440907771903 0.44116183433542983
602 1 -0.81999999999999995 0.2548572841913776 0.77875217816573161 1.0115714892665133
603 2 0.40999999999999998 0.052572767397025766 -0.23719091611053025 -0.53131859881284649
604 2 0.40999999999999998 -0.25785699887384939 -0.064598697387532864 -0.14177337488538963
605 1 -0.81999999999999995 1.6882846363399444 -0.54373701526368046 -0.43603756816332301
606 2 0.40999999999999998 -1.2757464641972405 -0.77207660612862306 0.050984434707116069
607 2 0.40999999999999998 -0.37482956468683082 1.1085838168285418 0.43797230857471775
608 1 -0.81999999999999995 0.5885787016003724 -0.015644238002767045 -0.68257605174139979
609 2 0.40999999999999998 -0.27216218278543214 0.15569292593358949 -0.15822382652870143
610 2 0.40999999999999998 -0.086671914186484109 -0.3278104469625398 0.93650569041398835
611 1 -0.81999999999999995 -0.84508658686228044 -0.16770539168049539 0.12205810160030132
612 2 0.40999999999999998 0.75056762729907878 -0.17886695280149961 -0.17123549282942727
613 2 0.40999999999999998 0.27568536945524669 0.26774265546842085 0.048546108344718696
614 1 -0.81999999999999995 -2.6393537844276778 1.8424413200227485 -1.0757446268983544
615 2 0.40999999999999998 0.53077992870426383 -0.79472976590086619 0.14106188306594392
616 2 0.40999999999999998 1.8803916188140488 -1.1371482339889687 0.95439026459331056
617 1 -0.81999999999999995 0.54444361153118825 0.65587474466488549 0.036227141300612629
618 2 0.40999999999999998 -0.11049105027629089 -0.24581219568123794 0.33770670692099136
619 2 0.40999999999999998 -0.15068437490450257 -0.39970450982139616 -0.17291867580826162
620 1 -0.81999999999999995 1.2235304102986777 1.1546139135531597 -0.17865925431145435
621 2 0.40999999999999998 -0.55086973005563933 -0.91035786340626801 0.14895435027428941
622 2 0.40999999999999998 -0.56203060921027115 -0.1609273435818431 0.074564458907260753
623 1 -0.81999999999999995 -0.63017984567825802 0.36442627979011366 0.057539978603188525
624 2 0.40999999999999998 0.52082723221431004 0.16215227924333953 -0.39654193809900989
625 2 0.40999999999999998 0.58273492075843047 -0.61363884484634335 0.4576457464228792
626 1 -0.81999999999999995 2.3245259757488603 0.082996218461728249 -1.6114201246722808
627 2 0.40999999999999998 -0.9155370755117026 -0.37130639888737432 1.4623965237393972
628 2 0.40999999999999998 -1.4026854355927703 0.25254406947425917 0.4002046466928364
629 1 -0.81999999999999995 -0.15891896138783618 0.35022327140540976 1.8813416747283502
630 2 0.40999999999999998 0.17028231483200651 0.0092895769581981449 -0.055703375660097747
631 2 0.40999999999999998 -0.19150853026089093 -0.19316586835280491 -1.9289171726003167
632 1 -0.81999999999999995 -0.94309499100088157 -0.67181851261554248 -0.051643345945478224
633 2 0.40999999999999998 0.38691539115037277 -0.25678963475214051 -0.47339122328596445
634 2 0.40999999999999998 0.51468898437709054 0.92347338940887846 0.62345887604612082
635 1 -0.81999999999999995 -0.50326417834325021 0.3878439998192143 0.3525759699146972
636 2 0.40999999999999998 1.1658968626516 -0.70663160137580716 -0.31791710677983881
637 2 0.40999999999999998 -0.8188231697072299 0.024044408452489299 -0.4032868288592949
638 1 -0.81999999999999995 -0.23239745317707469 -0.38967899203101319 -0.11446353981611378
639 2 0.40999999999999998 -0.15854366744958717 -0.11573060778670474 0.24185733528584455
640 2 0.40999999999999998 -0.037103206008528747 -0.0024151168981558107 -0.064631906788010049
641 1 -0.81999999999999995 -1.485065732679556 0.55599929710218821 -0.1080520221509168
642 2 0.40999999999999998 1.3674261110745203 0.32579743304571634 0.59093124547117193
643 2 0.40999999999999998 0.26559866096040047 -0.76473457698618874 -0.13950501619622183
644 1 -0.81999999999999995 0.96842135529391815 -0.2972731932995496 0.60925473575373335
645 2 0.40999999999999998 0.52004452560030834 0.3828876405558031 0.1012208131959189
646 2 0.40999999999999998 -1.212736358490244 0.0064503494099480219 -0.68839155138360453
647 1 -0.81999999999999995 0.25975024849716372 -0.060162641438210825 0.82613865166794909
648 2 0.40999999999999998 -0.088929305204920622 -0.16155826998431488 -0.62586153945434386
649 2 0.40999999999999998 -0.14523172464072232 0.21565282150198539 -0.18884350683979007
650 1 -0.81999999999999995 -0.11327268882169148 -0.042138210219337502 -0.84995034516154544
651 2 0.40999999999999998 0.3354783778380413 0.42177611935637926 0.7372669617508435
652 2 0.40999999999999998 -0.38984711310476211 -0.14247777627135555 0.17146849778326054
653 1 -0.81999999999999995 -0.16826041022093374 1.0333679918434175 2.3393505013328548
654 2 0.40999999999999998 0.64159339230393242 -0.62178972417015166 -1.8605462567990421
655 2 0.40999999999999998 -0.30957514397978014 -0.039704147539236137 -0.32878445842075332
656 1 -0.81999999999999995 -0.073993604091274562 0.21395973634519772 0.66376936637410155
657 2 0.40999999999999998 -0.35997268647691083 0.044472341468833269 -0.31488898693295359
658 2 0.40999999999999998 0.018472017956199183 -0.63056499023378199 -0.3328461873793232
659 1 -0.81999999999999995 0.069902565942041944 -1.8164361778950542 -0.34991079552460114
660 2 0.40999999999999998 -0.39113901012503721 1.0579624477846863 -0.38862703132333304
661 2 0.40999999999999998 0.58609396490613785 0.60634340913675333 0.87621077857836271
662 1 -0.81999999999999995 -0.69993364648631706 -1.6630767917295859 2.4914865362219047
663 2 0.40999999999999998 -0.68582995362294374 1.0726980245685922 -1.8554974583731658
664 2 0.40999999999999998 1.2092782092864787 0.56307567217821952 -0.31794355879611547
665 1 -0.81999999999999995 0.27042166761599601 2.6814154776859023 0.36728396723684709
666 2 0.40999999999999998 -0.27259619516455103 -3.228039770001502 -0.14186424804578032
667 2 0.40999999999999998 -0.22686760317158752 0.31261460378885697 -0.36105604111692829
668 1 -0.81999999999999995 0.5245006959165569 0.59671033192473721 -0.02710091831868508
669 2 0.40999999999999998 0.16161068796197653 0.1808263571720348 0.75008835553750686
670 2 0.40999999999999998 -0.31421000185390668 -0.20054243838154115 -0.57256973420407486
671 1 -0.81999999999999995 -0.22424973284142083 0.24403877768252816 -0.98821133626530089
672 2 0.40999999999999998 0.0081229333883297197 0.073282865780511949 -0.357424006422152
673 2 0.40999999999999998 0.23982937711116614 -0.30970538198713743 1.0366950172096061
674 1 -0.81999999999999995 -0.66209172168719033 -0.0013361317894360859 -0.56549989121212296
675 2 0.40999999999999998 0.1802724436413751 0.027207908601452745 0.88842781759603517
676 2 0.40999999999999998 0.070794062275378655 -0.29309565659331233 -0.37144519073965288
677 1 -0.81999999999999995 -2.7236028293927812 -0.70741708387676028 -0.52703109447551932
678 2 0.40999999999999998 1.9985893678358495 0.97799196733139415 0.98358830847362433
679 2 0.40999999999999998 0.82097298471298452 -0.54606901362399307 -0.10631402239495254
680 1 -0.81999999999999995 0.71976663705931743 -0.3725819318535471 -1.4784997414442811
681 2 0.40999999999999998 -1.050904722186613 0.14524573044538353 0.92272981536375653
682 2 0.40999999999999998 0.22899355094216037 0.48652702982749457 0.79748482392720244
683 1 -0.81999999999999995 0.93168251278149172 -0.26370096575876428 0.24175572821787308
684 2 0.40999999999999998 -0.66520166231588529 0.24833642504812134 -0.34208058425213783
685 2 0.40999999999999998 -0.35446680640422457 -0.59278148797298236 -0.078791243718431742
686 1 -0.81999999999999995 -0.30052008349141018 0.49031540481498287 -1.5842093408862892
687 2 0.40999999999999998 0.8602237320320254 -0.9186345121257411 0.35932777097894597
688 2 0.40999999999999998 -0.91909319000950163 0.25178345895461224 1.6133195504540014
689 1 -0.81999999999999995 -0.45998891279733128 -0.53579248612392982 1.223420616380678
690 2 0.40999999999999998 -0.76246886035146422 -0.23398383656516242 -1.3458761706768319
691 2 0.40999999999999998 0.97998248142086597 0.9746168543117758 0.038510968350902584
692 1 -0.81999999999999995 0.55318670610788534 2.0394938931881552 1.0534472463165467
693 2 0.40999999999999998 0.0093285350727404116 -0.093015082789242448 0.076741659875423751
694 2 0.40999999999999998 -0.58368808865545962 -1.9477392409681893 -1.0506622505394987
695 1 -0.81999999999999995 0.93881093640555635 -0.7530746109233647 0.98216916604743365
696 2 0.40999999999999998 -1.0048130580535739 0.38883779613791264 -0.87663955399564319
697 2 0.40999999999999998 0.39429726562461426 0.37637187636526659 -0.67613032538755746
698 1 -0.81999999999999995 -1.2576703948773384 0.29537750393134554 1.3606705742957301
699 2 0.40999999999999998 1.3502874772318105 -0.32309324104462334 -1.0121268794254448
700 2 0.40999999999999998 0.45892892131925017 0.47500905694060946 0.1155954172417836
701 1 -0.81999999999999995 0.78198233096524028 2.0410962334216096 0.38524264779495504
702 2 0.40999999999999998 0.92428087051009122 -1.8127534637873914 -0.43015792644075485
703 2 0.40999999999999998 -1.839564834814416 -0.09231112078473494 0.39976535149331577
704 1 -0.81999999999999995 -0.70828616934860278 2.2243764954748095 0.042478005179694432
705 2 0.40999999999999998 0.051847910398008595 -0.9565670344604823 -0.67025082890183851
706 2 0.40999999999999998 0.63129993436848486 -0.74983554916161599 0.33131837303611533
707 1 -0.81999999999999995 0.91781381906493831 1.4082750077851198 -0.53395411723411812
708 2 0.40999999999999998 -1.2845677589148938 -0.52114945211210617 0.093413700370209157
709 2 0.40999999999999998 0.22017485381924842 -0.83527351239243686 0.63638444195665889
710 1 -0.81999999999999995 0.61447121074603916 1.0957509293922387 -1.4181428202244304
711 2 0.40999999999999998 -0.43540051984594891 0.13407037468814345 1.7869369241072885
712 2 0.40999999999999998 -0.2496878459810897 -0.29898891520245191 -0.3808609624238819
713 1 -0.81999999999999995 -1.5035075571767007 -1.0857603648934433 0.22688119712409988
714 2 0.40999999999999998 0.14346444281560419 0.63506376768394734 0.079255889149869072
715 2 0.40999999999999998 0.60558512713263934 -0.0052355950597975272 -0.05114727404711835
716 1 -0.81999999999999995 -0.46539323484967693 -0.22126681181893365 -0.43087861470725858
717 2 0.40999999999999998 0.17947490107776304 0.22128685741444062 0.046185336556382232
718 2 0.40999999999999998 0.40846749880537453 0.26705425135962524 0.62242311711130693
719 1 -0.81999999999999995 -0.45683860331232912 -0.099304808195172928 -0.78879328774302992
720 2 0.40999999999999998 0.68040523559601929 -0.56538353037540956 1.3947893283135382
721 2 0.40999999999999998 -0.30247322723781955 0.56117821501685772 -0.43434387792679813
722 1 -0.81999999999999995 0.15731831650498193 0.14976647826908857 0.092472904924855562
723 2 0.40999999999999998 -0.092335802172478762 0.38737800521303828 -0.41680232327884481
724 2 0.40999999999999998 0.030196477619079332 -0.30022814118644192 0.12201134184405184
725 1 -0.81999999999999995 0.48745983248194036 -0.69694016108868106 -0.72501071817650831
726 2 0.40999999999999998 -0.41971085341645548 0.59110720175864651 0.019611679792792051
727 2 0.40999999999999998 0.061064834965597045 0.083331581313315653 0.62310262914216219
728 1 -0.81999999999999995 0.5863348408852247 -0.45281762933141656 0.98684379987663351
729 2 0.40999999999999998 0.015683870387105749 0.67863810230771349 -0.019413012780487338
730 2 0.40999999999999998 -0.098609716518697973 -0.38259303501207625 -1.0656549532209043
731 1 -0.81999999999999995 -0.78184005413755653 0.46453827489004779 1.1491721145274065
732 2 0.40999999999999998 0.2675929151310984 -0.13886808274769877 -0.27530061560574237
733 2 0.40999999999999998 0.51572712565886525 -0.11354580811896421 -0.75754414492917621
734 1 -0.81999999999999995 0.42999602814208226 0.48730899619927126 0.27056046955241453
735 2 0.40999999999999998 -0.10722893129100056 -0.14141830273161815 0.31942930860538216
736 2 0.40999999999999998 0.3230735889170438 0.06395524383042786 0.02228570512345323
737 1 -0.81999999999999995 2.1220784616244615 2.3894921253268802 -2.6243153782653632
738 2 0.40999999999999998 -0.31151292225018912 -0.2732238758888213 -0.60867145592146488
739 2 0.40999999999999998 -1.7479731039639737 -2.0184865372653258 3.1444849971900188
740 1 -0.81999999999999995 -0.56067822924423871 -1.1902036329578236 -1.8110789835859111
741 2 0.40999999999999998 0.12065599110022127 0.19885079839927236 0.078126962728470459
742 2 0.40999999999999998 0.5783205991064414 0.8960735425275459 1.3918786985106646
743 1 -0.81999999999999995 0.44719910327192119 1.7342847858497454 -0.75650711428957518
744 2 0.40999999999999998 -0.61085439029285438 0.3615802635038417 0.46650429276260952
745 2 0.40999999999999998 0.46033474708557398 -1.9275830635161113 0.79089768754440037
746 1 -0.81999999999999995 -0.60274698952822992 -1.9325136785899317 0.56141623864223889
747 2 0.40999999999999998 1.1022005752514872 0.88336887084386972 -0.39095452953302606
748 2 0.40999999999999998 -0.29988715731174259 0.92210030094591322 -0.00028467624561530482
749 1 -0.81999999999999995 0.5367735055744528 -0.15415961271712003 -2.4063113803598601
750 2 0.40999999999999998 0.11208359991237395 -0.46793436502098307 0.29292487020687696
751 2 0.40999999999999998 -0.65641770823154522 0.56336068075347157 2.3677919291856591
752 1 -0.81999999999999995 0.73100866219114957 0.37797196524434595 -0.69718934891527229
753 2 0.40999999999999998 0.039927602188682153 -0.19855451622135903 1.5448965605181255
754 2 0.40999999999999998 -0.94811606791276881 -0.20387611186617455 -0.89458938979271929
755 1 -0.81999999999999995 -0.68338155383001198 0.67903327998723317 0.61730125365465605
756 2 0.40999999999999998 0.093993053677226379 -0.40660661390924507 -0.0054321807451724767
757 2 0.40999999999999998 0.71909166743037511 -0.35547735166486055 -0.52934076549763853
758 1 -0.81999999999999995 -0.68803830604095606 -0.8406757104903777 -0.29920048052848158
759 2 0.40999999999999998 0.58317470721186648 0.77397011269141391 0.10855819708888167
760 2 0.40999999999999998 0.38406423410226487 0.19541547700378856 0.15801218321395172
761 1 -0.81999999999999995 -0.36372360689501992 1.2795212822797926 0.043908344699048786
762 2 0.40999999999999998 -0.10078899208725624 -0.99315215537809742 -0.036227191375178137
763 2 0.40999999999999998 0.23428151353301033 -0.20413483587424613 0.09115407172873484
764 1 -0.81999999999999995 1.3164294853540823 -0.62706580914383503 0.78731598360182042
765 2 0.40999999999999998 -1.1190811979491924 1.6209720331304927 -0.57739700529849414
766 2 0.40999999999999998 -0.22259299531834228 -0.80886453255622925 -0.080818397518854376
767 1 -0.81999999999999995 2.3600597517110806 -1.6325818693237639 -0.051043662902964054
768 2 0.40999999999999998 -0.013339434169143223 0.66101020453146453 0.60689157194291898
769 2 0.40999999999999998 -2.0865872016873968 0.45687259511065803 -0.40805745375910779
