# golden forces for examples/bazro3h_raiteri2011 (partition 0, layout 2x1)
# id type q fx fy fz
1 7 0.30869799999999997 0.57339207564447381 -1.0717760907702023 -0.67825085461489476
2 4 -1.3086979999999999 -1.375960914351545 -0.17892486560555879 1.4986305389964198
3 5 -2 4.1122794467207706 -1.0583868338581515 1.2420124065639544
4 2 4 -1.3374439106647158 -0.087764988485355716 -5.8929718257284263
5 1 2 1.0285261659097797 -1.3687123310572706 -1.9140495131101238
6 5 -2 0.83734047059652716 -1.1195936875542571 0.39976622170780607
7 5 -2 0.60548602795359108 -0.76438827447820878 2.621664622093923
8 5 -2 -2.5691777765532384 0.10505339313651424 2.3183903485756319
9 2 4 0.692783967313916 0.091415639515152566 -1.0454927256506226
10 1 2 -0.29667403009636722 1.0340154564978934 -1.5266921965346432
11 5 -2 1.5803638919417391 0.15450925163733067 -0.87709757043796654
12 5 -2 -0.9253820854098157 -2.5487767551548104 0.27983971017771953
13 5 -2 2.1960556538081279 -0.8083027411651047 0.59395669999657152
14 2 4 -1.155251371169822 -1.6937612620086566 -0.48603460087423411
15 1 2 -1.8398886233676237 0.74733547567317449 -1.0102543594836029
16 5 -2 -1.3922013139037868 -0.45372527979386984 0.070491904849744269
17 5 -2 3.2570369554409782 1.5287123798837499 0.63282948088283553
18 2 4 1.6288512501118828 -7.372524673749429 -2.789830366808514
19 1 2 0.7650070180599392 0.68533652785100485 -0.33828526771128209
20 5 -2 -0.79953046237362224 1.122889593512072 0.34825424710946978
21 5 -2 -0.52848031826480157 0.62708085120479062 -0.25849890251316515
22 5 -2 0.78236753556070338 0.49558570387911777 -0.46538889046341786
23 2 4 2.1070461025510721 -1.7199753452871565 1.6243182623804731
24 1 2 0.086084919311965907 -0.80080967866527375 -0.5531877095462594
25 5 -2 -0.85420350425683444 -3.3500388153791514 1.4643963442143753
26 5 -2 -2.1928451127986621 1.0746457745858293 1.1220517448728187
27 2 4 -2.3692290276173842 0.60257479401697356 3.8208566567487412
28 1 2 0.33168506000738057 -0.48654781117947499 0.26154582475043509
29 5 -2 -0.30603109438936782 0.40667190080153992 -1.7015968550944469
30 5 -2 3.8791145534443721 1.0886676972729792 1.3902778589964269
31 5 -2 -1.1377909159285566 2.08044620254763 -0.97902413645607933
32 2 4 4.430175172467206 0.21353966413305228 -2.2647587373748754
33 1 2 -0.84604459694431422 1.4758277645199278 0.065600285584219528
34 5 -2 0.23181858183666584 -1.5816810456486459 0.88085608339537991
35 5 -2 -1.9794183174343087 1.3180743183660772 0.94584588878331743
36 5 -2 -0.65722472805279319 -1.204038914016587 0.91865961372945049
37 2 4 0.0872426545752195 2.2686353651993421 -2.4194748536065038
38 1 2 1.8502366484392914 1.232767519481095 0.067735426829769158
39 5 -2 2.3116377114549582 0.85318809156576281 1.6487692717208784
40 5 -2 0.88469357383789282 -1.8126621475818714 -1.5155950644654606
41 5 -2 3.4761642150993355 2.62552366771757 1.3197742248782838
42 2 4 -4.3776535942063157 -2.1291005871363953 -4.8216078451565556
43 1 2 3.1600113316472602 1.84777474799217 1.7248439254182586
44 5 -2 0.77664794755154509 -0.01010242812501143 -0.50434377396251329
45 5 -2 -1.6765766013468069 -2.2438275831161749 1.9507983943451512
46 5 -2 0.40586155010778319 -1.0500420617243218 0.78788130660571187
47 2 4 -0.76555703747395831 -3.1579422294781496 -0.23108406753229979
48 1 2 -0.096449341934093324 -0.041732842749238483 0.7895560000386449
49 5 -2 -0.01183329431718938 0.21736320687277447 0.50547647778798377
50 5 -2 -0.085425647293716128 0.97558000705437042 -1.9083763645984921
51 5 -2 2.7320187629440169 -0.6539276336305494 0.16487366137848247
52 2 4 2.9996987909813346 -1.3591554758505404 1.0097743372465948
53 1 2 0.65268832039384839 -2.115609293589094 -0.76081286254581204
54 5 -2 -1.3722836753403151 0.26906823904826771 -0.25159234492912141
55 5 -2 1.4367119687606034 2.2640979602983138 0.67608883173877621
56 5 -2 -0.66070792336607631 0.11494232721853634 -2.1336585604881928
57 2 4 0.82857548001769266 1.4249536515034291 3.0355625792749943
58 1 2 0.9581387848338464 -2.2976590216119428 -0.54903001425381381
59 5 -2 0.072705949439627285 0.15786480105571032 2.5884371152547074
60 5 -2 0.73955417241833199 0.55115773378526167 -0.64410229634529137
61 5 -2 -0.18030088058602711 0.55940049405297587 -0.17105918350989552
62 2 4 -2.3268076575277701 -0.50785858864981881 3.5120606523613049
63 1 2 2.2605390072863152 -0.52319946400400441 0.29397756014939824
64 5 -2 -0.11727564176675936 0.41114598176782208 -0.48298657554449809
65 5 -2 -1.1617728054388674 -0.83723933878012835 -0.98746274090561625
66 5 -2 -2.7895195821986123 0.66922828211341367 -0.72491751145256789
67 2 4 -4.7036827613041314 -0.47584644857491359 -1.5445353601981704
68 1 2 -0.98727947340087252 0.42324619977267725 1.4089229470760705
69 5 -2 1.7404759743515101 -0.20667330824715652 -0.89717851481796496
70 5 -2 2.438170532460374 0.97996252163991204 0.4371672739284243
71 5 -2 -2.3687382662884384 2.3610427539861769 1.887390422932772
72 2 4 0.17537041564706302 -2.8760085978513898 -3.7450732622118643
73 1 2 2.1333375436142137 0.67912675415598134 -0.57488492653976786
74 5 -2 0.035960079969017372 0.70228312014663663 1.0434029048182374
75 5 -2 0.39228840753883037 -0.78653697956519186 0.42460279353355967
76 2 4 3.6585972729907326 6.538566829223952 1.6719469647175633
77 1 2 -0.12659480508996224 2.0145916664702623 0.3601472851455198
78 5 -2 -1.194364114555075 -2.8131674778516977 0.58219684566770924
79 5 -2 1.5842618057130384 -2.7785262733760803 -1.4663891752206533
80 5 -2 -3.3790370150586031 -0.63143562533906961 0.33133364452544717
81 2 4 -6.5909836304345717 -1.2950901609226622 -0.68139573825677591
82 1 2 2.1741165667117612 0.45956041897773009 1.1540142930066182
83 5 -2 1.2623478336784155 -1.3750646280808274 -0.58155830211093451
84 5 -2 1.9469215883997684 -0.18862636113875994 -2.1365985231482965
85 5 -2 -2.2980983518602667 -0.57893222592967286 0.7356957455958425
86 2 4 -0.13027715541395918 3.231373379890953 2.1229237146294784
87 1 2 -1.0973829632915821 -0.47745597303381154 1.7595754790510076
88 5 -2 0.40811660832561941 -0.76827218216942661 -2.4778402593994482
89 5 -2 -0.44691831695338147 0.83756475333587954 -0.45600598782841417
90 5 -2 -0.67598892719994352 -0.61158307610518592 -1.7334050184483649
91 2 4 -0.030454063502907056 -0.3785880942906758 2.6032100271345029
92 1 2 -0.88360877488776512 -0.14167090600145721 0.36716815512271372
93 5 -2 -0.77744036787494275 -1.2042831452167511 4.531499572608805
94 5 -2 0.82357916925248031 1.0300665796339397 -3.0988979951337332
95 5 -2 -1.1430400049951075 0.083346349970765329 -2.2876883609560772
96 2 4 -0.41060619193935693 -0.12566866614292313 3.1015600406689332
97 1 2 0.93585696120460538 -1.247922267367723 2.1631950372810524
98 5 -2 0.78227892580890912 -2.8617387712714089 -2.3928283642459065
99 5 -2 1.0946450510429047 3.4679578086704761 -2.3441017873654273
100 5 -2 2.2643372390550831 -0.37770546095623914 0.30687465426124955
101 2 4 -4.4303118715315888 -1.092246905139808 -1.7116715527114503
102 1 2 -1.4289057138016517 0.38716000539525464 2.6741876471219541
103 5 -2 1.0524992039394765 -0.22180315567051365 -0.5494959248304615
104 5 -2 -0.63898407121761647 0.58554676610888312 -1.5177962502532949
105 5 -2 0.94287237530963275 -0.55472187060193867 0.43061540432245854
106 2 4 0.5936547029151662 1.9329387989135287 -0.90443397326764929
107 1 2 -1.4452437499669923 2.0925872670591605 3.0848260839442498
108 5 -2 -0.82933249403783393 0.96935534876347063 1.0066982013920251
109 5 -2 -1.5956280680611963 -3.1157892894097845 -0.37476852720827991
110 5 -2 1.4314308838178049 2.2722164360685269 -1.9620367739476172
111 2 4 2.7022028868833727 -1.0463165787463249 -1.7195713211829726
112 1 2 1.7770731545395031 -2.3665302397930748 2.1346014487859231
113 5 -2 -0.70353709864405889 2.9586966340244731 -1.2684467987042611
114 5 -2 -0.87832266042401008 -0.81887868780781825 0.627627540978974
115 5 -2 -1.1340571242189887 -1.0917402423376821 -0.011743842436807669
116 2 4 3.984697002478788 -1.7419699444299979 3.6052206577973385
117 1 2 0.79978105267905364 0.15762482633368974 0.15548236906333895
118 5 -2 -3.8215039093968475 2.5312220900393592 0.97745463652275488
119 5 -2 -0.46343256337677174 0.95420844616170453 1.4715927049054867
120 5 -2 -0.98421725726436671 -0.28603607470200654 -2.154075184538105
121 2 4 2.1398295743597502 3.5897096141096041 -0.79251562234095785
122 1 2 1.8322434663856557 -0.16075262024232551 -2.0635130583814001
123 5 -2 -0.73359258666323091 -0.71096431760512346 -0.72819133181452023
124 5 -2 0.22021511024184157 0.43823877788959148 2.0094131006551601
125 5 -2 0.69541095826888921 -2.2184461091035783 -1.0948118244854965
126 2 4 0.41849630538257609 1.9461222210396474 -1.7774780948157067
127 1 2 -0.81563570051404877 0.58614509763850653 -1.6045849780385995
128 5 -2 1.8198757029744332 -1.3542459824441497 1.8510375189263291
129 5 -2 -3.9291675120440264 3.6917341670061852 -0.69919454719093599
130 5 -2 -0.36945499805380039 -1.6601520166608505 3.0717423456953221
131 2 4 -0.73020132703268914 2.3326464244892082 -5.1601413658041002
132 1 2 1.0894417669029168 2.1246784294545531 -0.43498410303103402
133 5 -2 1.1095794238804482 -0.10482425274885537 3.7246107422142352
134 5 -2 -0.12231386488664041 1.1318211401204672 1.9561804623449981
135 5 -2 -0.21704724204516962 -0.61883676361502371 0.62012495436272419
136 5 -2 0.36554229860229503 -1.9861751487041606 -0.28538780541177555
137 2 4 2.8029535465627937 0.60655127427812361 -3.22100487632287
138 1 2 -0.64975911716311296 0.17267014995853028 -0.98980677857181631
139 5 -2 1.2054806719534001 -1.4368496436734781 2.1268894386574821
140 5 -2 -0.30379374844621981 2.9305620565059143 -0.34251260492028163
141 5 -2 -1.2399989630234864 -0.88478231720928013 -0.09779014217225189
142 2 4 -3.0804470913543356 2.8263201413952936 1.4439915003116692
143 1 2 1.2148223692402489 0.51008676366727768 0.5245502955044683
144 5 -2 1.9932926479373272 0.68145706589186628 -1.1610442707729465
145 5 -2 0.79244184640780657 -4.5084162487886541 -1.2910844601632019
146 5 -2 -0.51929414360304749 1.7941353705995784 -0.2615199192312968
147 2 4 4.3540674438979892 -5.9123990338030925 2.8181776919592867
148 1 2 -1.0618171860062129 0.95396621631977274 -1.0979301894953382
149 5 -2 -0.26713074825868793 0.92785279785614549 1.3367085715499918
150 5 -2 -1.2903280628189076 0.484066694785106 -1.824427037314559
151 5 -2 2.7899667212226102 1.1861842933713862 -0.071402509834022035
152 2 4 -2.0671198483690207 0.23657616710375465 -0.85131111137264093
153 1 2 -0.27200707819112668 0.47604707079765574 -1.0820864907222665
154 5 -2 -2.048658939904624 2.2833070875254586 3.2948464068337726
155 5 -2 0.49656692628810672 -1.9820206456010399 1.3894228918745899
156 5 -2 -0.23499208538170274 0.17619191268342893 -1.5533949403368537
157 2 4 0.84913866739805677 6.4242158881612355 -1.9839711652884722
158 1 2 0.53695345800903249 0.20848575670682079 1.5590399525922494
159 5 -2 0.66386874976935473 -1.441786078108676 -0.95412376539677834
160 5 -2 -3.4019895556936199 -0.082785455506089581 -1.3515177191467318
161 5 -2 -1.3498297423177001 -3.1248508692204524 -0.81360210849422554
162 2 4 0.86309525765219675 -0.31806990441578742 2.0669160267939199
163 1 2 -2.6900710654001894 0.72617301541127899 -0.059298652046204478
164 5 -2 0.63757429525986387 -0.42839571137432036 -0.20356847245331855
165 5 -2 -0.0046616566390846204 2.7012686450366417 -2.3748350453480676
166 5 -2 0.14214590273612948 0.45413725723286802 -0.39418642369214119
167 2 4 1.9152614563687753 -0.23458439784549998 0.73198438449630276
168 1 2 -0.24070144059581919 -0.72563118556847561 0.29789767939524903
169 5 -2 0.95470350914249769 0.41269475192588723 -2.5860554640497462
170 5 -2 0.17620770591253607 -3.641907524510021 1.8824544665156004
171 5 -2 -1.9954127054825683 0.45427353852357782 1.7859125830944689
172 2 4 -0.39485679901264648 -4.9023659200976279 0.03172212795915378
173 1 2 1.140216446777641 -2.8571901090460439 -0.69135420822819182
174 5 -2 -1.0129298725986386 1.4613286348477035 -2.8908694671164339
175 5 -2 -1.82240824464344 0.92793327581469431 0.63758794164766641
176 5 -2 1.2696079938236067 -0.96803772651969511 -0.0092959122032402284
177 2 4 0.11989729646052014 -0.61943975844646959 0.18551772330888416
178 1 2 2.2536639968322563 0.65491932630922123 -2.0536115050016011
179 5 -2 2.9108732461247127 1.1854788652828281 -0.61341361018976914
180 5 -2 0.95278838316207848 -0.0035390522969810136 0.83270632298800296
181 5 -2 -2.9294950580803403 0.92661115105213288 1.2682047961295566
182 2 4 -4.0448910971953218 0.097600374624025141 -2.1755478188579969
183 1 2 0.47338259247897235 -0.19811593852264359 0.37931527127002618
184 5 -2 0.19019236495050457 -2.0089994777857325 -1.1071757699584599
185 5 -2 -0.50100045967097917 -0.39727562803475835 0.82397616776896077
186 5 -2 0.75217819331510372 0.028510775364538398 -0.31915888972734924
187 2 4 -3.0005638595214914 1.1513273771717023 0.70615203939727322
188 1 2 0.90305700374467979 -0.57660640776257732 -1.3877429988378158
189 5 -2 1.617060514833891 -0.33064261908538384 1.5273425564495013
190 5 -2 0.58738995755553858 -1.8178220559782965 1.3421446518486992
191 5 -2 -0.069973899554637148 -1.0149956692455553 1.6526843108515863
192 2 4 -2.6299684335571718 4.5061396177622601 0.19548770999108497
193 1 2 -2.229829317468738 -0.044157673223115243 -0.2101060094169965
194 5 -2 -0.27896631139946992 -0.65985415868630393 -1.7962494232985333
195 5 -2 2.3278417583444138 -2.6844046653625098 0.57235754551802853
196 5 -2 4.2111366636584471 -0.79127667938880708 -0.88314717101109441
197 2 4 0.44867527398309676 -2.8448354015707267 -3.0027287806254184
198 1 2 0.1584619340106449 0.19393313033753534 0.13678519557215899
199 5 -2 0.10410175776681767 -1.8218368686186985 -0.8088200075415114
200 5 -2 -0.58933489209995127 2.2406362414467051 0.19226159098934459
201 5 -2 0.55827418827663466 -0.67448561407651597 1.9731723416484732
202 2 4 -0.62532759775511015 -0.25496771089407971 -1.007433232285686
203 1 2 -1.5167062841677386 2.43362220644181 -2.5899926938295037
204 5 -2 1.7639772686421349 1.0410131617550169 1.8595702239438439
205 5 -2 0.059519347010376228 0.20037719400184342 0.75676244140128568
206 5 -2 -0.31421380401343085 0.48592354689756373 -1.1919891348668585
207 2 4 -3.3478537276805409 1.5350879599256095 -1.3921035834853481
208 1 2 0.4144988530909805 0.61791757001460346 1.7487826307542047
209 5 -2 2.4332549182016221 -0.54716073556909905 -0.67814270604994886
210 5 -2 1.7290836593175349 -1.7924186024928104 4.1672678671451857
211 5 -2 0.89520807058356944 -0.18630741864691744 -0.41874984874930243
212 2 4 3.1456479648702156 -1.809862837845593 -2.1679088273421003
213 1 2 -0.57301487661967332 1.2604727275052861 0.97486432597170303
214 5 -2 -0.58764374260509866 -0.46983920598265622 -1.5668625635135547
215 5 -2 -1.0922933439135041 1.1701864107196687 1.388516961598077
216 5 -2 3.7889526570915644 0.54469494774484928 -0.92813415968685986
217 2 4 2.3270612807757756 -1.8927046818639455 4.8314680418421885
218 1 2 -2.0655426910370189 -0.76126920414350097 -1.6567910364302669
219 5 -2 -0.74396182602038075 0.85946964583212548 0.69616568261137912
220 5 -2 0.22467772108575523 4.3536742619549411 1.0723316402468328
221 5 -2 1.5173653427111997 0.54277071969107593 0.84066274345120573
222 2 4 -4.2808908655923572 -1.6831219915827922 -1.3896134557298965
223 1 2 1.7759213931830373 -0.27955348775317335 1.3289182654358342
224 5 -2 1.2984246869895304 -0.78579214720679846 2.65159059734897
225 5 -2 -0.17149118249887813 0.2123172627732221 -0.65297481008444314
226 5 -2 1.7722362073016498 -0.5249140028467516 0.64686197729143136
227 2 4 -0.058826591682428542 4.8960266621752515 -1.1544892255817507
228 1 2 -0.18344815510990889 -1.2072145717748697 1.6983515262115945
229 5 -2 0.35248646369480041 -2.4174817917633722 -2.5827552408750249
230 5 -2 -0.20717251183150673 -2.4064812974633445 -0.24281258024270597
231 5 -2 0.50431489861417189 -1.9045186396559208 1.4373000976395036
232 2 4 -1.6743271016189594 -4.1565423994325608 -0.21100988040705596
233 1 2 0.98596261883807379 -1.0846736011043836 1.0513529545786735
234 5 -2 -1.6479554669596299 1.0256144592358847 -1.704284939678006
235 5 -2 1.7047253273152798 0.36600582763073869 1.2313201135980378
236 5 -2 -0.46854772483544727 2.947824051361482 0.61641768424868526
237 2 4 -1.6604629113888789 -2.0288440002983581 6.1440235215163286
238 1 2 2.5510145684104479 -1.4422729507179639 -0.85600393977115408
239 5 -2 0.31062557472151309 -0.69059483576425773 -5.9335046435847181
240 5 -2 0.34437803854586657 -0.35057805387767244 0.52651122072919243
241 5 -2 0.80175541420005492 0.045020151807472271 -1.1105449738441902
242 2 4 -0.24979266855687582 1.8312594854246249 2.8197603770138868
243 1 2 -0.59713364961638504 2.3142927391606785 -0.53279333291832753
244 5 -2 -0.57842053930623138 -0.30898782276212805 -4.5269047058551379
245 5 -2 -0.49968895817434511 -1.6761563524917109 0.35283005372444604
246 5 -2 -1.7215628701719674 -3.4493389905403844 0.053301195611610848
247 2 4 -6.4438863637140766 -2.9606501606023881 0.45430226713263455
248 1 2 -1.5602985087976722 -0.98370157633859279 0.25647306473599529
249 5 -2 1.6753498487529022 1.2607004533270831 0.15537395014618763
250 5 -2 0.033513827743234907 -0.36718094103588117 1.4405706031639145
251 5 -2 -0.44912848581870907 -0.30995061289872522 1.6814328614368768
252 2 4 1.3715812109866621 5.4126872311324643 -1.8470557107526286
253 1 2 -0.32896891963035868 0.22261720329365722 -2.5544178092380152
254 5 -2 -1.0567478834475872 0.52760894368442013 1.4950328604544429
255 5 -2 -0.093966359062923624 -0.33094874336571989 2.0418285588388962
256 5 -2 0.70024305638762807 0.036403020839891831 -0.94613570069192832
257 2 4 2.5532349536482686 -1.834456062770973 2.9087164255973996
258 1 2 0.95665856244027614 0.68935098402655559 -1.2819866362989663
259 5 -2 -1.5866363971497885 2.631575647055636 -0.45182483011303071
260 5 -2 -0.20437720771867299 -0.66731991073346286 1.1675648453757888
261 5 -2 -0.49679498728770494 -0.47196538898589901 1.4679589972262237
262 2 4 -1.4125360689309636 2.3500904969489556 -6.1457635255867595
263 1 2 2.0073781810385602 0.97177410942026421 -1.5868491653589905
264 5 -2 1.333354677333227 0.55183119978055084 0.25797302313312209
265 5 -2 -0.27637546052009188 1.0585090194668425 0.98309136519614237
266 5 -2 -0.29679695523273208 -3.3336433046282568 1.2227473607937354
267 2 4 -0.36599067192485257 2.7559551052927005 -3.2196424395447343
268 1 2 1.6470596218715916 1.7509075733575414 -0.99599333132705847
269 5 -2 -0.922984190655468 -0.84117542613078344 0.78590968946268824
270 5 -2 2.1214381941307945 1.3239244826622847 -1.0069901930391627
271 5 -2 -3.2697612069181492 0.089928140216313901 -0.29156861841448062
272 2 4 -3.0370320623122375 -1.3633450423871993 2.5167554990477443
273 1 2 -0.98831271933652642 0.83199511998988729 0.24419195019079409
274 5 -2 -1.4547972199282349 2.96872907961454 -1.3251041501178626
275 5 -2 -0.080667455519323666 -1.1335100642300984 1.1804596923323214
276 5 -2 -0.48528650520904637 -0.018230443770588523 1.9656135269458925
277 2 4 0.28102175574160293 -0.68756484886637814 -1.3572122274112284
278 1 2 1.1464546823954818 -1.5274439424614776 -1.3531738609904151
279 5 -2 2.0307917163519931 0.7360045108240556 0.9758057278848421
280 5 -2 -2.432595349691498 1.3548548134489602 -0.18351834808896869
281 5 -2 -0.70305403426271784 -3.2847199577187896 1.5249424948212633
282 2 4 4.9230660356737541 1.936289356369107 1.7568281168630488
283 1 2 0.12544758539466225 -0.80413976637166584 -1.0634181714729471
284 5 -2 -0.26774249710513559 0.52894013897638203 0.097660348789146048
285 5 -2 0.17025064173313084 0.81361230634937198 -1.2022099439419931
286 5 -2 -2.9168874109269538 -0.29680125645463107 -1.5037190134449205
287 2 4 -0.54486659448277897 -0.12664544049571527 1.9464735168991785
288 1 2 -1.3737344298556577 -1.2316715535238003 0.53580684287518654
289 5 -2 -0.53042209140105789 0.19430182664025714 0.85536675636734205
290 5 -2 2.0592929228740995 1.9438888445322848 1.452121629062606
291 5 -2 3.6924162291489275 0.31921276503972079 -2.3586693361952147
292 2 4 3.6296606510675722 -2.296932817896979 0.87155559643351621
293 1 2 -0.76340574870444522 -0.34073413742354047 -0.034179085476776318
294 5 -2 -2.2320351405011629 -0.027910832280865033 3.3066240996995599
295 5 -2 0.12757334855060701 0.82965932387031205 -1.841461138726316
296 5 -2 -2.867567832808446 2.4197974787097634 -2.2458344409393676
297 2 4 4.2173400301914192 0.50847842295636392 2.0922378409023006
298 1 2 0.41388607366511088 0.19969505509794572 0.57219109740752228
299 5 -2 0.24582919948493048 1.8764138905594765 -3.4578285303744583
300 5 -2 -1.8323117018095698 -1.6683952653396901 1.4997498041961399
301 5 -2 -2.4794202478096556 0.24952823909639829 -0.8866757334921932
302 2 4 -0.95910213383028131 0.81048677468397334 -1.002772243295851
303 1 2 0.92801074625568458 0.39094194959187134 0.37024954358033652
304 5 -2 -0.21136291440556135 1.0147065193265572 -0.33292137900042601
305 5 -2 0.86711388890031615 -3.7848611937590997 -0.81784433078377516
306 5 -2 0.710454107069313 1.491318257113518 0.24696012951842944
307 2 4 -1.2535918621246671 2.260498371304422 0.81798214635989841
308 1 2 -2.2154752175486379 -1.0478033283478936 -2.2569643770547185
309 5 -2 0.71935359401194721 0.19206498777025535 -0.83183052180006734
310 5 -2 2.7328006035336401 0.78378910206588126 2.9156292707205509
311 5 -2 4.5278338702794798 -0.48866951952330118 0.066719767525006024
312 2 4 -1.4967290633107035 1.8525787298803524 -4.1585783152131084
313 1 2 2.7711117911512333 1.1465439864022953 2.0329067759157082
314 5 -2 -1.1028921760400834 -0.29506502281553065 -1.4401829626877829
315 5 -2 -0.56701179504832444 -1.938560699471408 -0.006783786051527756
316 5 -2 0.2743141857960944 0.14258774831069523 0.65690220520632991
317 2 4 -0.95722873163740341 -1.64826297598503 -2.9111710601271947
318 1 2 -2.5189999925890003 1.0320236911835112 -0.4820695427259486
319 5 -2 1.1097973616605721 -0.19016785733128205 -0.72549822473840653
320 5 -2 0.68915078802123231 -0.073583194712332559 -0.59540333394171885
321 5 -2 4.4762127796418802 -0.35394503138702649 0.94551047265481081
322 2 4 -2.9998633985428227 -0.21282284762305467 1.2866938221635777
323 1 2 1.2836689031777446 -0.070346959309073628 -0.11956313834436462
324 5 -2 -1.1024101329878497 -1.8292302810971266 -1.7686797420324369
325 5 -2 0.31522818898140303 -0.30259601556543292 -1.5199271222638937
326 5 -2 -0.58097936928778471 -1.7537537679170954 0.20746158207769538
327 2 4 1.1728858060470495 1.2100099933226205 -2.8348608127491906
328 1 2 -0.35225525532673169 0.67865256963918441 -1.5236040628135423
329 5 -2 -1.2441757186135352 -0.36684023279824562 0.66912693351711294
330 5 -2 -0.095640074389045482 1.3362874670162943 0.28224011332692084
331 5 -2 0.26001843148484322 0.47357398310247018 0.31560670185233841
332 2 4 -2.4921316694441127 0.94427538764641783 -2.6392895730801782
333 1 2 0.32090694001186582 1.4978165315479885 -0.2705430109281346
334 5 -2 -0.54918153342118314 -0.051811072305242387 0.045751913881978551
335 5 -2 0.04207235607716004 -1.0578062379104805 0.22653922328906753
336 5 -2 -0.28328932125694822 -0.020850752161138533 -0.37859060131925043
337 2 4 -1.3197398904894182 4.5360147389482739 0.36903959839465816
338 1 2 -0.55793043170377132 -1.954949140044373 0.50055041333875017
339 5 -2 2.621979858920477 1.4450133276708756 -0.88077663640280268
340 5 -2 -1.2376025588160373 -6.0311841769955405 -0.30407381459125915
341 5 -2 -1.1781541276514993 -0.78302928111748571 1.5639887879005907
342 2 4 -1.9469268282165773 -1.8252021051902279 -1.6870642149229753
343 1 2 1.1343829607221483 0.88244238568440636 2.4150091750811531
344 5 -2 -0.53114330381473063 1.0900836004868264 0.85558445172402176
345 5 -2 2.1079778822322477 1.3830215652762958 0.76305982753783186
346 5 -2 -2.8278030118985389 4.2277922557150855 -1.6520791409258446
347 2 4 -1.0846405733728246 -4.2837066309612579 1.2904074979304003
348 1 2 0.56888395339917475 0.58141717870060583 -0.24423120450257702
349 5 -2 1.1944342618354757 0.64123211021862081 1.419989253621444
350 5 -2 -0.68029335627234588 -1.5449674476155342 -0.13843941971871898
351 5 -2 0.20263505086983666 -0.58033534360317029 0.57620665312189911
352 2 4 -2.0644205469540275 3.140708298200666 -1.0925815195144335
353 1 2 -0.42279805572392182 -0.33236569216226675 0.56784136996305579
354 5 -2 1.0322636849131606 -1.9675064385367897 1.2745096952370838
355 5 -2 -0.4373629025442114 0.56084203125751553 0.58042379353032214
356 5 -2 0.99960164458176337 -0.49472149151470191 -0.34306654254641489
357 2 4 1.3711827289170784 0.45504170033870167 1.4600224490989795
358 1 2 -0.38503388237249964 0.63893265972762037 0.41155898467207402
359 5 -2 -0.80188174650413302 -1.3828734958404552 -1.7518205936754474
360 5 -2 -0.77854988016684856 -0.53494325452211278 1.0456633656668723
361 5 -2 0.43040827521237429 -2.009179437667389 0.13458783837133095
362 2 4 -0.61021472735644511 4.1730014476776542 -1.905845793074239
363 1 2 2.5925164642875438 -1.2243659119362407 -0.29529785346743309
364 5 -2 -0.11416665653926621 0.092603579203419134 1.0536083039151971
365 5 -2 -1.0939148562906378 -2.3093606488570533 0.56294974620647498
366 5 -2 -1.2452591976994229 0.27493260618083964 -0.21747428644598718
367 2 4 3.4336741832348041 1.7449359551292445 1.1634123703525632
368 1 2 0.03000072134415251 0.17868362740257862 2.181441512133552
369 5 -2 0.69841503543263161 -1.8250711529805321 1.0840753690375584
370 5 -2 -0.38753044396231295 1.2925371218094301 -0.76510242829530317
371 5 -2 1.8510157829589065 -2.6905515191625899 -0.13367001670627263
372 2 4 -0.12274038942931902 1.6563219560050331 -1.7050245449512431
373 1 2 -0.0039640800949709027 0.04558828455933437 2.5475393966358673
374 5 -2 0.47893695670825709 -0.20546731154369008 -1.0760125961229663
375 5 -2 -1.4644688026326835 0.37970817516454514 0.55444980877474692
376 5 -2 -2.0605172984239415 0.95539449390159958 -0.55474152150904932
377 2 4 -0.91248077039074948 0.67155974466218993 2.8553690179712663
378 1 2 0.34160022164787984 1.179519683377162 -2.4010690177711487
379 5 -2 3.5541241742378706 -1.0094676688700521 2.4568094875686999
380 5 -2 -0.59376933165855095 -0.18997989329092679 -2.0857312214616925
381 5 -2 1.4413541950404927 1.2941136429912139 1.3547136301513325
382 2 4 -4.1938272270932364 -1.4783679130851337 -2.8470429220336473
383 1 2 -1.631155570579526 -0.14754592523814727 2.7315201975567014
384 5 -2 1.414965363454717 0.0082023529023812925 -0.48022218096844915
385 5 -2 0.39893779464854684 2.7034109259262622 -0.8694884150735066
386 5 -2 0.16824862666312643 -0.6601124526119645 0.91834207391199585
387 2 4 3.0333898210832095 -0.044511934848659222 1.3167213013492005
388 1 2 1.9662276234678047 -1.4084785426258684 0.57998474032485958
389 5 -2 -0.11974802313958156 -2.5432512422993594 -0.9198748151847137
390 5 -2 -0.6696426880842653 -1.5009851104835348 -1.1588429351503595
391 5 -2 -0.80881477045269679 -2.2644551585186385 -1.9717885919926428
392 2 4 0.23527331874299123 -1.7958272589669004 1.5785787906723439
393 1 2 -1.6081465627270635 -0.98434955091600029 -0.080429531644715377
394 5 -2 1.4265084495742322 1.9454420700180017 0.81954900013751675
395 5 -2 0.22527713297643137 -0.41278250285813162 -1.0667696672341316
396 5 -2 -0.92384821887204849 1.8959934028237639 -1.3751269638367822
397 2 4 -0.95141363350593988 -1.1008041699056463 3.851947748907397
398 1 2 -0.24876055518295873 1.1537479361313088 -0.49767641542260022
399 5 -2 -0.60715655891458509 0.4106715754602776 -3.0069719254386009
400 5 -2 1.7681705670943768 -0.40616724008386995 1.3375258288269278
401 5 -2 0.58272109500215519 0.37842144556717228 -1.3659180351325433
402 2 4 1.5808795833832849 0.4908710337502411 1.2069974343788459
403 1 2 -0.31323004336111104 -0.30030732431118606 -1.9738473127879355
404 5 -2 -2.2126671032042373 1.1246114713633082 -2.2018608500772081
405 5 -2 -1.6221537340594807 1.0703789087236395 1.2378190233588182
406 5 -2 2.9563273136715349 0.71885165643445914 0.27485599547804401
407 2 4 1.2561655018252647 3.3424024548887554 -1.8372458446796203
408 1 2 0.0032090859003911531 -0.17786843929937571 -0.13035818605347224
409 5 -2 -1.7112410636105198 -0.031018747526478162 1.1006401090001929
410 5 -2 0.67383622559516987 2.0105697391172472 -1.701538778004696
411 5 -2 0.15375298645501273 1.2552153449378385 0.72615334973253565
412 2 4 0.64869986619567688 -2.0959686358792391 0.91314475899032099
413 1 2 1.1740698953443887 -0.25432634785960745 -0.26661913861810543
414 5 -2 1.3882989938854478 0.13226413327843983 -3.8737183183091353
415 5 -2 1.651206000514337 0.034677655861235626 -0.039513935789112414
416 5 -2 -2.5757697767772516 2.2348551074412568 1.0383546172267972
417 2 4 3.3595618534420817 1.0632856764377581 1.1324409958637034
418 1 2 1.4043568285488337 0.039795514910057284 -0.34021367069712799
419 5 -2 1.6402155982673463 -1.8254570006530348 0.2360352759071391
420 5 -2 -0.87426010246660013 -4.2803372801373376 -2.5618144658888049
421 5 -2 -0.67612006377891853 -1.5256579265423265 2.4924864704763339
422 2 4 0.34722681803737843 0.40831293945047215 -1.7132472137859722
423 1 2 -0.87851401522485162 0.4244356036700706 1.0907706345736266
424 5 -2 -0.17914251185666794 -0.054409552176827559 1.5647141045001947
425 5 -2 0.67859893559757511 -3.491343590880474 0.34537333970100464
426 5 -2 -0.46904140346663514 2.0482767515208486 -0.13034100999268131
427 2 4 -2.7255485951766851 -1.2411185885002334 1.2647171535026243
428 1 2 0.23082045220399289 0.28767097107969841 -0.088157744397376642
429 5 -2 -0.22124259380660777 -1.9447656293393241 0.80617895285839158
430 5 -2 1.8566636828810372 -2.2189003869067707 -0.30795896215572466
431 5 -2 0.06385218944506485 -0.15374515414494858 0.749312573593648
432 2 4 1.9163198866017266 -3.2692999408689603 -0.46268590838182716
433 1 2 2.3344802877932573 0.28733659258019517 -1.4243056269961811
434 5 -2 -1.4183580786006573 1.9608342471058695 1.5061711259457662
435 5 -2 -1.7764735509468799 0.84509710742397959 2.7463782405361337
436 5 -2 -0.78172033253248574 -0.55794450865250245 -1.5320600164665068
437 2 4 -2.9315489120901077 1.3909991974693061 -0.43421273260256898
438 1 2 0.4072659175887644 0.17885894794124277 1.1308041802900695
439 5 -2 1.2949451169609909 0.41009791715835581 -1.0692574257079552
440 5 -2 0.60711637865823298 -0.7131334800270055 1.570921064891438
441 5 -2 0.11574485421077951 0.72292361483157053 2.5353318243147349
442 2 4 1.5156912298736567 2.2054464692392393 -0.94926233708253649
443 1 2 0.99585165796542452 -1.4147849366707288 -2.2543932917193863
444 5 -2 0.66248201127183337 1.1860291045118838 -3.0062300891309199
445 5 -2 -1.6677082831499375 -1.3078402083789353 1.105095303139275
446 5 -2 -1.3405058596151003 0.14709181169050192 2.4607524691264859
447 2 4 -0.20162873412940299 1.8309380494757186 -4.5910582186176221
448 1 2 0.56282176800302541 0.64792194712285633 -2.0307973534976185
449 5 -2 -0.59117618833742447 0.087007422059448947 0.2395633384023316
450 5 -2 -0.72146597695027237 -1.6798488274776757 -0.95922652330711355
451 5 -2 -2.1396870339934924 -0.13782557619408911 0.32293634606235821
452 2 4 0.74765683199588462 -1.8369632437050558 -5.7692914881240842
453 1 2 -0.22633845819836218 0.16487198987917698 -1.9082426843739699
454 5 -2 0.30472845534406123 -1.0244620292905449 -0.2190367769884512
455 5 -2 2.0357196086315499 -0.39209354498825388 1.9060267449559112
456 5 -2 -2.0783681926483184 0.80488217878698165 2.4142875846270631
457 2 4 -1.4245181400687412 -3.1318590181505068 2.0118946244058922
458 1 2 -0.49042452487219557 -1.1785099084803743 0.84540359145363975
459 5 -2 -0.7898928738648362 -0.20774764207201801 1.6089861303574264
460 5 -2 -2.0367671996642231 1.1605417135731917 -0.67313047237622003
461 5 -2 0.13550220586236383 -0.69486314997491361 0.010205235531820834
462 2 4 -2.3352119544443912 2.5268170913683465 -1.2761512367215881
463 1 2 0.48934723889300535 1.0913929472001334 0.76522536417220055
464 5 -2 -0.74511817781655276 -1.9256971294644267 -0.43819311088975471
465 5 -2 1.0570551689552738 0.29169058764022315 -0.45602278737607843
466 5 -2 -2.8173800215286873 0.26494697499469594 -0.1316227545516776
467 2 4 0.2339590436296882 2.1123458227434342 -1.6652645050897996
468 1 2 -0.21802402639928231 1.1952594620592727 -1.8261510406837875
469 5 -2 -1.3918848530137309 0.15251163454069253 2.3559526730124101
470 5 -2 1.5308482262627179 -0.58876747071608704 -0.16958071927430901
471 5 -2 -1.5977622810803784 -0.20915387443953704 -0.54584148003166344
472 2 4 0.92577813915033091 -0.60452638020409422 -3.9999813045137151
473 1 2 1.2993657894011121 -0.16078670600007927 1.7632832167971686
474 5 -2 -1.404404950162969 -0.56441359730561602 -2.0328605650873577
475 5 -2 1.1468959420592313 5.743458405247746 1.4773662367553351
476 5 -2 2.7775409210583186 0.49847109508480136 -0.23460078884416591
477 2 4 1.4809853445209777 1.7323272553084228 2.8906873745794779
478 1 2 0.35281989236231315 -2.2156433844195251 -0.33876516191601647
479 5 -2 -1.1496548529779356 0.45207596588846866 -0.66208330462270082
480 5 -2 -1.6891250238609099 -3.0397151755602771 -1.0262803473320818
481 5 -2 -5.2862848458332552 -1.5761173361740644 -0.10059548579178423
482 2 4 1.0783969312326702 -1.6706935000021637 0.66020196895620975
483 1 2 -0.086750685097121 -0.27421414986901893 0.031451980917806523
484 5 -2 -0.93078143326584628 1.6050213114332794 1.2041119618536791
485 5 -2 -1.9407366080976762 1.3738707319449708 1.9364505453595386
486 5 -2 2.6035138051553988 -1.3957217997202749 -1.2063412709889896
487 2 4 -0.60032400696712651 -3.2493929849837455 -1.5505997404033345
488 1 2 -0.39205275171825732 1.2069194871101678 -1.0252715111713813
489 5 -2 1.1879712324978677 0.050132258660808192 -3.7532076997895496
490 5 -2 1.5065984045921559 -1.8091037722462973 1.0807601430086462
491 5 -2 -1.5680414842449457 -1.6021977853526383 0.41938582901658134
492 2 4 0.040000840262514013 2.0007188920536376 -1.4533100285344074
493 1 2 1.2094774103357584 -0.53352954748297832 -0.41169205621689597
494 5 -2 -0.22424514104670026 0.31992339000476816 2.7571540898825848
495 5 -2 1.1739496544512076 -2.7483832197989639 -0.29826477445896232
496 5 -2 0.14728116034293154 -0.69947822292653916 1.9377027636958264
497 2 4 -0.92898663025355388 1.3411401127403533 -0.92310211338428061
498 1 2 -0.32651960937657537 0.95588332163636447 -0.35822712387902933
499 5 -2 -0.21968101703552156 1.6710615815536589 0.57910502174755885
500 5 -2 -0.29689537364759216 -0.14808671923521252 4.1316590727158777
501 5 -2 -0.5974915852734819 0.61911944818258946 -0.50641803333841318
502 2 4 0.20919678129536007 2.3505643444798912 -2.1045504945599118
503 1 2 -0.26397633848375934 -0.5443344936459219 -0.96122865879681818
504 5 -2 -0.52048763360942241 -0.47741206931411317 -1.4623164124239587
505 5 -2 -0.12545021809204965 -2.0610757698221445 0.2037087024948922
506 5 -2 0.95593399457030503 0.51507159571823224 0.85018907766583174
507 2 4 0.35249975515132742 -3.4118549657613273 3.3215384090379882
508 1 2 -0.16212859787882908 -1.8182047868086391 0.04119355516938867
509 5 -2 0.068218936363527521 -0.31751532352507689 0.24082244917790713
510 5 -2 0.090569531614615659 -0.7896230215275134 0.5526638260582265
511 5 -2 -2.6834404664688898 -1.2890697811443259 -2.8586916055214102
512 2 4 -1.0945966539040368 -3.9247267444750071 0.62238525838892544
513 1 2 -0.58074808112430576 -0.67586274695508564 0.77666370966241327
514 5 -2 0.81922408879730613 0.57076264664813126 3.585210831225691
515 5 -2 2.5482225356976649 0.16754087222104996 0.93363450083894506
516 5 -2 -0.65880201554381235 1.7471744171020167 -0.45725609475122447
517 2 4 -1.3603793639006605 -0.61108843709461058 3.0189895420934456
518 1 2 -1.7176577392343135 0.63018606462180049 -0.66944174871046069
519 5 -2 -0.039931490480616963 0.13794416840809259 7.3970394295358384
520 5 -2 1.5020814444639734 1.5145327868721137 -0.086397104165301553
521 5 -2 -1.2484075906580514 -0.022744304759202427 0.45473081000863902
522 2 4 0.21099676740212842 -0.85574718961113483 -3.2793091205569804
523 1 2 0.68480091794365439 -0.28391690868617436 -0.88428770993633266
524 5 -2 0.13739840381124652 1.0673997127576862 -0.62236935507762448
525 5 -2 -0.81522929556123791 0.035196949121226583 -0.091973629716962241
526 5 -2 1.8888083772794291 1.3362347267731738 0.05533070061359268
527 2 4 -2.0109403723225143 0.39536355514072458 -3.6115581192066313
528 1 2 0.29800287198761621 -0.69770349402005016 -1.0452682642961024
529 5 -2 0.13869379269579907 -0.21552715379843379 -0.5107722177513524
530 5 -2 -2.0692649588312539 2.6657498674851263 0.39648895667613832
531 5 -2 0.53722044956343729 -1.3441109072376165 3.7711641892268153
532 2 4 -0.088577913227040991 -0.036909262709309283 1.4446321354344984
533 1 2 1.9014022871939702 -1.262919091269715 1.172424307885169
534 5 -2 -0.95890688733718166 0.92200568422965734 0.46706860375852716
535 5 -2 -0.050192194002698171 -0.72545666956670163 -0.64800099019903945
536 5 -2 -2.3592335994169944 -0.35764100007546895 -1.9922565677578625
537 2 4 -0.6170385389217774 1.135988304754411 1.8157247169259161
538 1 2 -2.2193038406646592 -0.40839470842384118 -0.76712512391234422
539 5 -2 0.88611353798913128 -1.0285852137553935 -1.3766293948872934
540 5 -2 1.8791109372459316 0.73410222852569318 0.16578599930898685
541 5 -2 2.3379396380276725 0.073772221566333868 0.10811263708958153
542 2 4 -0.34148536534980367 -0.81746865330468488 -1.8024599488851369
543 1 2 0.69808048836077707 -0.10579171662371935 -0.22350532106759655
544 5 -2 0.47542873478401693 1.4383337455622303 -0.70617113002883336
545 5 -2 0.76364693122069538 0.16108841056349876 -0.10216543979811799
546 5 -2 0.79025325050145845 1.1139844172128051 0.21859116569749687
547 2 4 -1.4512594043178437 -1.6141411467977533 -3.668184108242885
548 1 2 -0.2691851082124066 1.4141533018664134 -0.74429345589382856
549 5 -2 0.29335776759171256 1.0909851769290473 -1.8140976091510974
550 5 -2 -0.85312478990643992 -3.1424760764939448 2.8644896131074398
551 5 -2 0.78718823044011133 1.021137519059609 1.0145825416727805
552 2 4 0.7691965690077599 7.0038533566080687 -0.60879225300764694
553 1 2 0.38473914006652976 1.0485445420860364 -0.31889043800541894
554 5 -2 -0.86427997647280974 -0.80213889312036912 -0.95748938858788524
555 5 -2 -0.1845778894139497 -5.0024614572962811 -0.88448517403244409
556 5 -2 -2.2952985034475279 0.65894256299412857 -0.65274884806047584
557 2 4 2.365117826732682 0.057512227152524659 0.27582723141526239
558 1 2 -1.7092200690577182 -1.1313493290082866 -0.71351007948449541
559 5 -2 -0.24702444750953631 -0.08618561744427583 -0.0083381589554757645
560 5 -2 0.17377697578880899 1.1795347330788843 2.4901738208261688
561 5 -2 -1.0178855898852557 -0.19386398424197315 -0.58997671717593625
562 2 4 1.5772120930978555 -1.5747188155216203 -0.72412665825383649
563 1 2 0.58915045133664112 -1.4491288674424847 0.11407319524546075
564 5 -2 0.17172545501352524 1.9112357385066545 -2.0150491951326654
565 5 -2 1.7840679805787307 -0.10809383641683445 -1.7222385195399637
566 5 -2 3.2338738610219755 0.093977181042968302 -0.73423794761123007
567 2 4 -0.51055872348425191 -1.8665656812642109 -1.464655006268248
568 1 2 -2.3771756071817158 0.23089039445433307 0.63880647047965533
569 5 -2 -0.41340047504129862 1.0232457496468563 -0.6272187539891777
570 5 -2 -1.243381281107337 -0.64729928527328628 1.282468255846231
571 5 -2 2.5202869411846538 1.1191690771425675 1.2671233375567326
572 2 4 -0.76229156630428951 -2.467623840468931 -0.086173630143035737
573 1 2 -0.050271657047200227 0.73095452335058964 -0.96966848856754762
574 5 -2 -1.6323964330395033 -1.1480683210480345 0.29706132081560971
575 5 -2 -0.34458579996146427 0.097313492524328013 -0.3725812619049465
576 5 -2 1.8786623079264038 0.40305412016568809 -0.46559724324773788
577 2 4 -3.9868851956576599 1.5878943246160035 -1.2975098066791939
578 1 2 1.6111874415875802 0.067466002083726689 1.0195861737605689
579 5 -2 0.10290904867039445 1.0663870651535137 1.4479618023808898
580 5 -2 0.954007157132717 -0.7795426151570104 0.10389649572052027
581 5 -2 -1.3825071879977395 -1.323279945443969 -0.1931978573837084
582 2 4 1.5448414135752304 -0.10191227960402545 -3.0680872163533648
583 1 2 1.0300655232123175 1.8860946249449495 0.068866802393762749
584 5 -2 0.89098155605021734 0.89829019345928307 1.057617668406944
585 5 -2 -0.49379985754547662 -0.67288120372762739 -1.8054743322027917
586 5 -2 3.3304844204731063 -0.86572205159681304 -0.20468273689249444
587 2 4 -3.0074928841810431 0.38561655082586499 -0.080786543417021767
588 1 2 -0.37084279784736013 -0.39004355764917725 0.71452015644319422
589 5 -2 -0.25662901008203509 -1.704411728392828 -1.6047729532304116
590 5 -2 -0.31098469751674046 0.32882762710554225 -1.5550109760790172
591 5 -2 -1.597589607225536 0.84378801319963825 1.575250903482615
592 2 4 -1.9289655601594993 -0.65091565308782462 -1.1150345088368812
593 1 2 0.083887135865301055 1.3309901983093388 -1.1393198982258854
594 5 -2 1.970622651317361 0.13890596049115689 0.031368282068725918
595 5 -2 0.53354271748909099 0.17355366983727985 0.041456134290523319
596 5 -2 0.3480013263373104 0.41384785321419865 1.0395693800464185
597 2 4 4.96649308358682 0.6906161088908791 -0.24366297513493251
598 1 2 -0.30242177450178076 1.7950882517662794 -1.5148257267799885
599 5 -2 -2.4946238760870734 1.6762348357832106 0.35618215716064394
600 5 -2 -0.52956730411525865 -1.112642084420282 2.9525314734541324
601 5 -2 -1.2225382864123804 1.6554051836498376 1.2116376360701129
602 2 4 0.97478818564293468 -3.3258206739985554 -3.0648902464864451
603 1 2 -0.29854829295191626 -1.1343401400058684 1.1391741504326001
604 5 -2 0.066862305800293689 1.4250767978987107 0.038852409276391407
605 5 -2 -0.63208334479009554 1.4325195367107424 1.293268279463198
606 5 -2 3.8407290214563168 2.0946790323142537 -0.10955161856559652
607 2 4 -2.0220861183241103 0.028531056586956271 -0.54377302589481546
608 1 2 -0.36866409759098273 -1.3035169641999591 -1.7705214275940928
609 5 -2 0.56131101802951711 -0.34179833244690871 1.5541981888303253
610 5 -2 1.4123767144019355 2.5875102567912296 -1.3383231241139966
611 5 -2 -1.2649919573077792 -0.81518523835510326 0.45909305915169607
612 2 4 -2.2489576215513587 1.7336749138380192 0.30422091128371609
613 1 2 -1.9294429685038859 0.8176108117358295 0.16563173594845343
614 5 -2 0.31636399826474959 -1.7100132661974647 1.2560957963818391
615 5 -2 0.62567698681318862 1.6826080729495205 -0.0098369187293656495
616 5 -2 -0.15158433752559791 -1.2131221795785818 -0.053687933436510481
617 2 4 -2.5908545319854364 1.4485671100580708 -1.4196118268554823
618 1 2 -2.8572780358491361 2.424161292787181 0.2240335016877476
619 5 -2 1.5466830160463214 -1.6491414409932397 -1.7317041768067241
620 5 -2 -0.22828590282572042 -1.1698761295023161 -0.1708300106100358
621 5 -2 1.0879991551596189 -1.1882892566529315 1.9798566111454312
622 2 4 -0.5945423909640204 -1.6586933724250232 5.4999901071339163
623 1 2 -0.076279797384480541 1.1789249593782303 0.95670931506496748
624 5 -2 1.9971774784629572 1.896918378686733 -2.5163965655697376
625 5 -2 0.4672952110847598 -0.58905778690573207 -0.35220036298375484
626 5 -2 -0.60931909419368524 1.2913977039020559 0.34666988970493018
627 2 4 3.7872436249680286 -2.9200157236190241 -1.4471259392824882
628 1 2 0.13635862298206555 -0.98541378524539047 0.73724098677487904
629 5 -2 -0.11118294068870661 -1.7389903141822127 0.67524043836604886
630 5 -2 -1.1809163633891888 1.7183632862747009 1.3484667590736497
631 5 -2 -2.8609419953920323 0.030885392459169728 -1.9908015495064588
632 2 4 1.8335139959716853 0.13011859125394909 2.3073251399030767
633 1 2 -0.83120819543377134 -0.56121548568597424 0.32024161426864844
634 5 -2 -0.90141758487576129 -0.61580830278464282 2.6212967325684575
635 5 -2 0.21728478775761834 -1.6990533018672318 1.5063762390267919
636 5 -2 1.9070996548392152 0.38957521307586612 -1.2316383874115193
637 2 4 2.0585682868943778 -1.426544563623156 3.3840947091975626
638 1 2 -0.52988088753340179 -0.53241128202233723 0.63601991193675289
639 5 -2 -0.26379129861280304 -0.27944490331659438 -0.76649088312865166
640 5 -2 1.4034577326716307 0.32188956875356073 0.1977743700546562
641 5 -2 -0.72546866544835664 1.2710524606680687 -1.5051270007873272
642 2 4 3.0124867716951149 -2.2634803791817828 2.3130699354359145
643 1 2 1.0422077639274436 0.19951762837379258 -0.16583357025709203
644 5 -2 -0.44425049757249008 0.076063229185301964 -3.2886302490685253
645 5 -2 -1.122014884348898 -4.6351271005031096 -1.0025498700079789
646 5 -2 1.3556825335368685 0.18119924823409719 0.48789254787296776
647 2 4 3.0045503847532631 -0.019006803320569896 0.89817239854373698
648 1 2 1.0366159072725651 2.5333911173627741 0.43400176816155134
649 5 -2 -1.615630900865187 0.72540710544959974 2.3565571809676205
650 5 -2 -1.2849658363441601 2.3757864350401574 -0.14251539384089318
651 5 -2 0.21393554670492845 -0.092699493818465498 -0.10157420852497728
652 2 4 1.2682184285100719 0.60567407925102712 1.4417128308461058
653 1 2 1.0582287063306621 0.026004050830789882 0.28178081055555643
654 5 -2 -1.5599223963291751 0.3662667250842731 -3.639717682195617
655 5 -2 1.7037243916531353 2.8290693257244279 1.8045368044932002
656 5 -2 -3.0681503916258817 -1.2500384506761457 -0.42652719556333107
657 2 4 -0.93896351855320614 1.421494041834874 -2.6640118165541278
658 1 2 1.416931955804331 2.2391404412893667 -0.5375537918448321
659 5 -2 -0.24680068761612772 -0.99538390756478012 -0.14611167710001688
660 5 -2 0.24784533062787323 0.94262046607943129 -1.1101304555441203
661 5 -2 1.813327153489438 0.21393846999225669 -0.19408569040593451
662 2 4 2.4897719506215359 -0.59011831482972044 0.36521198599164439
663 1 2 0.9535128165304797 -1.161678399718594 -1.3812212910238737
664 5 -2 -0.85044558508356838 -0.94486897788163415 -0.62121111690634323
665 5 -2 -0.048981561611590514 0.87270620042384439 0.19818972777379773
666 5 -2 -1.7907211595315471 -0.5116861402420203 -0.56356252331362644
667 2 4 -0.5525498060961882 -3.9497953033322695 -1.301839401640065
668 1 2 1.5313135908098445 -1.1134660405823944 0.15656855565204505
669 5 -2 -1.0018723363348541 -1.0850481704163706 -1.0914893121134688
670 5 -2 -1.0209235291334553 1.5090839411443016 1.5016957563145843
671 5 -2 -1.9961576345598586 1.6705207511016196 -1.531254082897523
672 2 4 4.3962441248237534 -1.6117515525896562 5.2903362275468044
673 1 2 -0.11986337004564855 -0.35064266940210681 -0.95704288373213864
674 5 -2 -1.2491306483864191 2.6436615861549266 2.2755736312221644
675 5 -2 -3.6777067600333777 -0.53621402074460744 -2.1670927457027305
676 5 -2 1.6653062678062613 -0.29572192927225732 -0.98068877416445654
677 2 4 4.6992075761462972 -0.13749951486348755 -1.6781754927249657
678 1 2 1.6170685198025845 -0.77135577034822655 0.81342846363974752
679 5 -2 0.54986278576497172 2.1042834311852148 -0.17669770179627659
680 5 -2 -0.34822477931823964 0.98432946970011548 -0.21639398704062268
681 5 -2 -2.2234695062224459 0.63853787387731042 -0.67516124107220477
682 2 4 -1.3955176267246967 -0.4297857066274276 3.9396334724366779
683 1 2 0.51687725020523767 -1.5349727682140066 2.2312190917946761
684 5 -2 0.044693866624428549 1.0486669960833217 -3.5415880898115391
685 5 -2 -0.20234814550070282 0.96384517305776496 -0.35605420775192526
686 5 -2 1.2058745841785132 -0.5354149396855945 -0.60369812033848225
687 2 4 -1.117670133126309 1.5839921308051472 0.46933504108902124
688 1 2 -0.70485341038872862 1.2150570042407791 -0.64236169587230485
689 5 -2 1.4576952340771978 0.22658243353480681 -0.54934348574452352
690 5 -2 -1.4515701599186694 -0.047788804755330136 -0.26006904265247627
691 5 -2 -0.28972952992306267 -2.9167178407444969 -0.31183385827580667
692 2 4 2.8550762359121502 6.1802134621720857 0.14657341448378691
693 1 2 2.1638153408060674 -0.27375786439118266 -1.3815646884938528
694 5 -2 -2.6956126974911756 -1.1716508520270406 1.4717002182355463
695 5 -2 -1.1527794876500714 1.6531735349265633 2.9162670504244335
696 5 -2 1.5164732348844703 -1.2011691439363466 -2.9684313100198301
697 2 4 0.59542448434286543 -2.2934700240285193 4.0509490503130587
698 1 2 -0.91403693838030209 0.75810380702792268 0.7407871941700509
699 5 -2 -0.22155023863757992 -0.18411818643952818 -2.6424302917123259
700 5 -2 -2.6362362239193242 1.1863257607614575 0.57216517041445591
701 5 -2 0.71555307342534402 0.057367272589317432 -1.9114732914473702
702 2 4 2.7737577196175023 -0.49774902462728826 0.73740734306686584
703 1 2 1.4822017256803295 -0.76794574637068924 0.52453547121626509
704 5 -2 -1.1994968633038297 2.499597853104766 -0.57205234382347858
705 5 -2 0.026018135970654072 2.1019755927947057 0.34103356866613627
706 5 -2 1.1659870531996726 2.4517042051643414 -2.0992383620100825
707 2 4 1.1091997576149035 -3.7100499873969781 1.9174451801525179
708 1 2 -0.26681278440630002 -0.22250538648625479 -0.0610728845842183
709 5 -2 -0.062673590416020553 -2.750630694150602 0.44332854751592071
710 5 -2 -0.20340897484534071 0.10145162555794442 -3.2714345994923542
711 5 -2 2.2172020601671023 1.006832215296215 1.7490001707420608
712 2 4 1.6725244118214941 0.91334743653407069 2.2692770194079914
713 1 2 -2.672479734895751 0.21324611012975805 0.32673013700607861
714 5 -2 -2.6881273072678211 -2.5257422832855645 -0.27459133973920152
715 5 -2 -2.2369679839084498 2.2033818292236553 -1.3523946228196095
716 5 -2 3.2655691339429329 -1.9567001721033925 -1.1024819195918782
717 2 4 -2.9020938514186176 -1.6802156239165451 1.5951349689478849
718 1 2 -0.31181704770672891 1.2389305043395169 -0.4282948131282926
719 5 -2 0.84646564445369843 0.25852597931975613 -0.72327595695976332
720 5 -2 1.5431173302392469 -2.7944952471165401 0.58261876747440589
721 5 -2 -2.6675778472638676 1.5231862970758743 1.0604441887980023
722 2 4 1.6362565997325196 0.41851567295145486 0.67888554030250137
723 1 2 0.76916501802367876 -1.4100919886614962 1.0245972286123899
724 5 -2 -3.0386266395740678 -0.11766433050300515 1.1189262071282144
725 5 -2 -1.4841762067728226 2.8100998209682144 -1.2260523163458621
726 5 -2 1.8630811665729508 -1.1354985273232077 1.2910832107760606
727 2 4 1.7628899457736436 -0.062647795486335978 0.20647082617728194
728 1 2 1.1058670304378302 0.12790417373858382 -0.50537702888185754
729 5 -2 1.3572471311389496 -0.38659527958273043 -0.81859791844966068
730 5 -2 0.99669177216287763 0.80626851899866514 3.0967201305146932
731 5 -2 1.0890580970861343 -1.186747361159028 0.43849996512171596
732 2 4 -3.8270166590214378 -1.3571500013476547 0.89059024450462843
733 1 2 -0.17443974170061155 -0.74469328973769267 -0.32267415423083168
734 5 -2 -0.88151935207975884 -0.38538757554240383 1.9933265597406886
735 5 -2 0.22853474581154515 -0.19281657956372 -2.7944248669790852
736 5 -2 2.041266393579392 1.0501615408835909 -1.6100924108264689
737 2 4 2.4445867708448445 -3.0835863620307031 -0.35026971704298243
738 1 2 0.42865325852059855 -2.2303394730402317 -0.47594555024040353
739 5 -2 -0.81269048770751806 -0.35750745851213406 2.0218975757443611
740 5 -2 -0.15707706504542124 1.9008135520172524 0.66951152893714438
741 5 -2 1.3227825412713725 0.90830816379862245 -0.86927077602696001
742 2 4 -0.010894494316971592 -1.5880910816098133 -2.0154914718372545
743 1 2 -0.20766612208404767 -0.40207557851709402 1.5312606683345857
744 5 -2 -0.18012669208982995 1.0142874073815562 -1.2330134157613766
745 5 -2 0.29950303024355068 0.46872017717998476 -1.1133943140633573
746 5 -2 0.82592213387517699 1.3121184936910968 0.48401064796358584
747 2 4 2.4065026915835164 -0.43627439023619663 0.85131466672869771
748 1 2 -1.429293747723082 -0.35651314026447095 -0.72555904522979819
749 5 -2 0.82308464670895631 0.040622389035712837 -0.060287546068682286
750 5 -2 0.24228364070530736 -1.4101108330834142 -1.4583283934876841
751 5 -2 -1.4919749423543751 -1.2241215850849085 0.50587206760020531
752 2 4 -2.6852939276542278 3.25453844518039 0.50533225460306508
753 1 2 -1.0754392059130868 0.24531710930174472 0.21690237634573625
754 5 -2 -0.34476124447839723 -1.7569203569932696 0.72420297019483182
755 5 -2 0.21148068650321664 0.24361113345755114 -1.6612386682115523
756 5 -2 -0.58405411721243994 0.44429464721792833 0.1829465258048146
757 2 4 2.8390820403883361 3.1400227982345967 0.79633477935803876
758 1 2 1.1480060665516092 -0.16134800407233013 -0.53213500621164156
759 5 -2 -0.65494889182447491 0.38882008875038121 -1.0203641488152881
760 5 -2 -0.021711077819410899 0.82496016908932479 0.97507821666970274
761 5 -2 -0.28126265292385694 -1.9481359940238494 -0.033097884836967476
762 2 4 -3.4845022271353172 1.9488758547835416 0.4415592649115288
763 1 2 0.83556240415198313 1.4530200056370715 0.41730141183000674
764 5 -2 0.26094085414876711 0.35721744493211693 -1.4093691229271532
765 5 -2 0.64447941765747174 -1.4419171954051355 -0.19159317809097556
766 5 -2 -0.89903320786850538 0.10268708031593279 -0.78271626835599162
767 2 4 2.0424362532600555 2.173063508947839 0.60134100545536595
768 1 2 -2.304096098722995 0.16578569669226589 1.2687398225746229
769 5 -2 0.19905679254156725 -0.11771080980864407 1.6795492420319751
770 5 -2 0.18422735465987786 -0.92146295664633171 -2.2086646451457264
771 5 -2 2.4899388560256468 0.23705643991977235 0.17737039804067781
772 2 4 -1.9169076612055189 -2.4307649712544488 -2.8781987551900179
773 1 2 -0.15211539431262369 1.5004906677976335 0.68787636168939525
774 5 -2 0.69857973004439189 0.54676132171762104 1.9179733634433156
775 5 -2 3.1753185041369898 -1.1343327053308652 2.0720087024492972
776 5 -2 -2.5554125142238373 0.53854487757609282 -0.36678462395395672
777 2 4 1.9032578366836415 -0.50167153739030668 4.500547131833029
778 1 2 0.015317649296456393 -0.96157812623832828 -1.2543257117939457
779 5 -2 -1.0416514775352741 0.43181732422753727 -3.6684629219998213
780 5 -2 2.1270635993631255 1.0443038900798514 -0.27929961294787026
781 5 -2 -2.4537294192842674 1.0878683208106803 -0.4806129791693648
782 2 4 2.0846158559620398 4.7891626527733546 0.21751400554542905
783 1 2 -2.5395564047025445 -0.61909992854159346 -0.77057273695152528
784 5 -2 -0.37805910407508275 -0.87897103756987882 -1.1801308011765124
785 5 -2 0.047181266737537607 0.39447543256798612 1.1417907953708191
786 5 -2 0.20038218585522755 0.49861026526563101 1.0103284922194051
787 2 4 -0.54636642809299285 -2.3005043880141631 0.43134578630069081
788 1 2 -1.6080498860072732 0.54532231182134006 1.0354473047838715
789 5 -2 0.32433550233025354 0.22919452896263029 3.0438711887207859
790 5 -2 -0.2717760179589403 -0.85635633028043368 0.51764838372719324
791 5 -2 -0.77505020448968587 0.13324995575311779 0.50315719026777028
792 2 4 -1.074183306404527 0.23262969777540501 0.46003929842432467
793 1 2 -0.36077155819160434 -0.1463338928786162 -0.78396078867348085
794 5 -2 0.90091422498417006 0.18904219352484647 0.59677342494306906
795 5 -2 -0.46192510568753137 0.76027728502588598 -0.56688052645783293
796 5 -2 0.87726298309760753 0.37306342935536974 -0.24201604556298215
797 2 4 0.29136593047222031 -4.4703104806078517 0.19597970952247348
798 1 2 0.067328027562593679 1.1020222174653305 0.32458744657682292
799 5 -2 -0.32657922164939374 -1.2270648112915186 0.79724688705152658
800 5 -2 0.03106671537024178 -0.74266621193186488 -0.54887400014180732
801 5 -2 5.0462352915294142 -0.54675155471995651 -0.60477834854649759
802 2 4 -0.9893759469441562 1.8043137143958379 2.3934493927126548
803 1 2 0.40267819770347651 -1.2033852264871887 -0.72376315072049813
804 5 -2 -0.38863331154377001 0.50658834892112903 0.012087416433168692
805 5 -2 -0.87915402472557014 -2.3932775894244331 -1.6765070721659561
806 5 -2 -2.0628826506146622 1.0432596949734763 -0.15848147540363122
807 2 4 -1.0789824944227631 -2.44448383732579 1.9367291912827465
808 1 2 -0.48961862089781188 -2.255731054214154 2.0649604906965107
809 5 -2 0.48197498579752196 0.74562484970000431 -3.1276866783023984
810 5 -2 0.60685447448840812 -0.45148892952637137 0.0034618341827387794
811 5 -2 -0.82464170953126725 1.4766139546316781 1.1200671180630073
812 2 4 -1.4248285271844736 -0.8419343446380263 0.26595193409453682
813 1 2 0.63699901524336444 -1.4972110063984114 -0.49412987165320771
814 5 -2 -0.38608126197058873 -0.52367898189638562 -0.9404251884922743
815 5 -2 -1.769605714261455 -1.0634024146497401 -1.939301585464313
816 5 -2 3.1475643070491257 0.81953963851450973 0.32680460416528473
817 2 4 -2.4931360521188566 2.8795013725328444 2.3480771003845087
818 1 2 0.37948709578607676 -0.54380323328598379 -1.514654319576991
819 5 -2 0.070313509849768988 -1.4300391275318027 1.353567350585845
820 5 -2 -1.106396101455088 -1.3470102008275477 -0.65403443284951412
821 5 -2 -0.39953531884876103 -1.2234197675210363 -0.89004010831544556
822 2 4 2.5853193713361264 4.6690120619537554 1.868373198770396
823 1 2 -0.080977213895366398 -2.053889766914855 -1.1978090943792048
824 5 -2 -0.25327647207672177 -1.4779756139520712 -0.72952969571705095
825 5 -2 0.51008023265075042 1.0079549008333255 -2.4461801541399812
826 5 -2 -1.9712534899824763 -1.2029517544151074 0.68449882925832817
827 2 4 -2.4625321546940708 0.31457262685341558 1.784930713759423
828 1 2 0.027471434234372684 -1.0040606698677537 -0.33344463451565826
829 5 -2 1.4430440444256361 0.52300850869256876 -0.65880595753813875
830 5 -2 2.2159269594183577 0.79132636957846425 2.344314987568473
831 5 -2 -0.56074015093130847 0.95593405794439223 -0.42936087823017743
832 2 4 -1.0350949951948982 -0.71657332777804583 -2.4345865081865088
833 1 2 -1.3465521561556273 2.9507487954706604 -2.0218250982330952
834 5 -2 -0.061925105654930299 -0.16621908383208669 1.7226498677548163
835 5 -2 -2.1899151385964779 1.8944206266348578 0.98200426787098127
836 5 -2 2.4874171160026051 -0.1903682382118663 1.4942765618989076
837 2 4 -3.1528494946899013 -3.5380010528543551 -3.6647491930508562
838 1 2 0.57521518144114514 0.20438829696785013 0.62982669977936845
839 5 -2 0.94207303122189234 1.899698443164678 1.5671528221006061
840 5 -2 -0.16565713124461856 0.34540870919818645 0.092759847193784745
841 5 -2 -0.68727293895496044 -0.72429644210802679 0.60590933022684434
842 2 4 -4.4883033968082291 0.96249139477776102 -4.7555895663799408
843 1 2 -0.37589691834103411 -0.18275246276436061 0.63484611274991609
844 5 -2 0.64042257591593521 0.30179946281502718 -0.5104257639822406
845 5 -2 0.34016877211680346 0.67206219561478586 -0.30296213939562794
846 5 -2 -0.48203388659829249 0.71668121067596446 -1.0066928830325701
847 2 4 4.7131939909326483 -2.5049707570261517 0.81811223360171026
848 1 2 -1.5986310000123125 1.296406030458231 -1.6965154504433178
849 5 -2 -3.012035545975138 -0.4945435463467725 -3.449166036920249
850 5 -2 -1.514834500835081 1.7910807228376009 1.511425488907604
851 5 -2 -0.10371302609059986 1.4926307173622739 -2.1509462329528257
852 2 4 -1.4808980336320483 -1.3355473571237773 1.9557559343203559
853 1 2 -0.91434056559762333 -0.23614858074257777 1.9211935236404798
854 5 -2 0.42996991371893589 1.5478713751476203 1.7640672108411113
855 5 -2 -0.5809776815155282 2.3513063821125835 0.57217651186569862
856 5 -2 2.9181611741406495 0.48767777128610823 0.52878329998175633
857 2 4 0.99312421670001017 1.3520682587776252 -1.6276140378610833
858 1 2 1.9469167019856228 1.2504658463933191 0.059284774444845256
859 5 -2 0.49905046016291643 -0.43682892210563656 -1.4517383847689307
860 5 -2 -0.72166353870971478 3.8388613841931507 -1.0839229727059576
861 5 -2 3.1268194427215144 -0.090693657487210269 2.2450015362125297
862 2 4 1.0653915107682721 0.097891825802636362 2.8065333079804193
863 1 2 0.60428648890947834 -1.3002019829116569 -0.55792601064501257
864 5 -2 -0.39297837983893086 0.31453041856755332 -0.24785871544266785
865 5 -2 -0.33960804412706669 0.2035142028028398 0.62415300468679136
866 5 -2 0.56067993998952981 0.3463962611893282 -1.222426607207683
867 2 4 -3.6527776610877396 -0.60555323452308241 3.0903086416051737
868 1 2 -1.0434966319838583 -1.1182176294307136 0.2182485546682319
869 5 -2 0.71978850195146071 3.6859076431143567 -1.8380127993819722
870 5 -2 -0.5838788919105371 -2.0037224609132398 -1.5682542826089556
871 5 -2 -0.34381612477790596 0.32231601181582847 0.18194847184748011
872 2 4 -2.0650932127688617 -0.70305402204617529 -2.8395238019888835
873 1 2 -0.39541689989391077 0.35480697675572553 1.9379130817632435
874 5 -2 0.56716320562887335 0.070947650010893773 -0.16038248660381796
875 5 -2 -1.0364901023249464 0.49044013148178695 0.35505806995845679
876 5 -2 -3.9015164015818025 -0.0013686460280156196 -1.0780181248736178
877 2 4 -0.72434597948904567 -0.87352384448675013 -0.23468839184106383
878 1 2 1.15220105594525 0.38516326080342067 1.3224295250055067
879 5 -2 1.2769307192289063 -0.70685898553276882 2.5151447790342925
880 5 -2 -0.4083404821634759 2.0486019704144067 -0.28181281705961725
881 5 -2 2.2383150358856714 0.96418533683524155 -0.50228836104219943
882 2 4 0.050244097757133656 -3.8904116630420709 1.6078604460163968
883 1 2 -0.79200491971863796 0.2664125592182422 -0.43738104721877452
884 5 -2 -0.89724253208645677 1.2637221093434752 -1.387667507656124
885 5 -2 -1.3189203442151778 0.16203280284503849 -0.96088737686802383
886 5 -2 0.50697197887611556 -0.32441032272547432 -0.52083827429702745
887 2 4 -0.86076092200214549 0.19220168643765292 -0.79214990144330488
888 1 2 0.34468327782360858 0.28132058590320064 0.57943241539168444
889 5 -2 -1.055469621792039 -0.53385994593011921 3.0766933171441226
890 5 -2 -0.10156749902196684 1.1834355223315431 -0.33130779304233937
891 5 -2 1.7506987096329547 1.6822473909564095 -0.33740564735133544
892 2 4 1.8916574563949364 -1.4379643542815399 -2.2412837795419707
893 1 2 -0.39919241251141346 1.5504626968335378 0.42305177645980258
894 5 -2 -0.73575818006097748 -0.038539065024354342 0.49146039676883185
895 5 -2 -2.8866232019733196 -0.88138315370494724 -0.14402563516992822
896 5 -2 1.7072447913129036 -0.88931075155281591 0.68968849287080014
897 2 4 1.5976860880508335 0.32415936631465542 2.4178889304666833
898 1 2 -1.3340176009664879 1.4813003693540385 1.3987560410194499
899 5 -2 -0.50046185817673938 -0.47164167236177984 -2.7416131764558012
900 5 -2 -0.96280262223995694 -1.804456165600506 -1.178377578133899
901 5 -2 -1.9379374772488096 -0.9728958561305131 -0.22327556129050893
902 2 4 -3.2792360537796621 -0.36063587677630982 -1.5043289492495384
903 1 2 1.4344574782831365 -0.31918625853501797 0.47707857430336431
904 5 -2 -0.53490199233839275 1.4814593460563836 3.6638797115096606
905 5 -2 1.9120389934809734 2.4046966695366963 0.39003307021044475
906 5 -2 0.29262911942462533 0.25310526095192321 0.69182287098733586
907 2 4 4.9830787695742531 -6.0246366174814501 -2.4048111020972462
908 1 2 0.43366979356220653 -0.95442109977928558 2.1579123581386237
909 5 -2 -2.3375236034795686 0.45330371429572786 -0.1990790170591413
910 5 -2 -1.4952293083985382 2.0114437103554197 -1.1201285354237103
911 5 -2 -2.4093080172821759 2.727574240640128 1.0001072282328274
912 2 4 -0.016797985868087166 -4.1832114759588626 -0.66449207982828284
913 1 2 1.0444999360502338 0.93743816776685007 0.26538488123542775
914 5 -2 0.46717535940052446 0.21119458823614565 1.8720988946007178
915 5 -2 1.0940820812617382 -2.6130924456419908 -1.2446863532946402
916 5 -2 2.8836934701903258 2.3367924274208409 -0.29672019636286306
917 2 4 -0.081072406669127406 -2.0620426187544845 2.2498499463339727
918 1 2 0.30389839339370073 0.65844075692362125 -1.4581161805398104
919 5 -2 -2.5207753885667361 -1.4920859232051129 -2.0568567111201368
920 5 -2 1.0500751213360997 1.2077998865804012 -1.1099355721593203
921 5 -2 -0.47930948991215017 0.75270941870824959 1.0052769378537956
922 2 4 -2.3707229437631634 3.9142864009837632 -0.85401657724712277
923 1 2 1.6516405063764314 1.897763838980205 -0.27066761156342367
924 5 -2 1.1416954851645955 0.17441623235058745 0.39173959712590295
925 5 -2 0.6412789842900104 -4.1566378732071216 -0.25481839834726328
926 5 -2 -2.5825493047996826 -0.7324539374483513 -0.084626519202893311
927 2 4 -2.4114746831225133 2.1705026220299932 0.99981247433166887
928 1 2 -1.0933387522404037 -0.3860162207282466 -0.28089935906636471
929 5 -2 0.031006447645680845 -1.2838166265101369 1.2616295227683132
930 5 -2 1.4971317065938061 3.3169220775145192 0.24955951395568274
931 5 -2 3.178960685558903 0.52042776849508643 1.7111607233797275
932 2 4 0.40098100327803038 -0.87011588726035494 0.020525440876645203
933 1 2 -1.1726563237229879 1.276134031473648 1.918876369134934
934 5 -2 -3.6831427199348292 0.62369863579249074 -0.748726287198895
935 5 -2 -0.29025536902752191 -1.1134959480982762 -1.2309232530942682
936 5 -2 -0.57955787455426189 0.71261744031312368 1.2064088290845345
937 2 4 1.5686072057824463 2.9058660147258144 1.1235981214317112
938 1 2 -1.8484062463370539 0.55568258705989992 -0.58905486493111636
939 5 -2 -0.58754130259564508 -3.0387951710740135 -0.37810067428925931
940 5 -2 0.28514111839217737 -0.53244704342665716 -0.74496381722727756
941 5 -2 -0.24544007358466285 -0.77743481677523718 0.41718323707336108
942 2 4 0.12533240398793222 -0.16544596581606621 -2.2798091947003072
943 1 2 -0.58723837168001658 -1.9202840330299396 0.76934930348259445
944 5 -2 -1.4352396605254041 -1.5800523003404459 2.4927187619029425
945 5 -2 2.520817083793617 0.94752962821645792 0.19000777579311007
946 5 -2 1.1013341070545892 1.1022988449243756 -1.0753093037755408
947 2 4 0.96171465926331179 -1.4523940685540744 -4.3657446277387573
948 1 2 -0.68717226208360049 -0.19851601770539082 2.520295072572635
949 5 -2 -1.202277264233869 1.0663453784812715 -1.0888823694640846
950 5 -2 -0.823672778826951 0.11289164140434646 0.53997470460985542
951 5 -2 -0.75429411745550456 -2.0422687109589104 0.16858412814250709
952 2 4 3.5759561302492728 -1.3832941052382612 2.3316194754563644
953 1 2 0.95187973258464131 0.3806976768254296 0.28905001170309508
954 5 -2 -2.3228761245641008 0.1979309871519927 -3.3007502388497731
955 5 -2 -2.0707949808042456 -2.8857035289941839 0.66780684126331269
956 5 -2 2.0723332616063872 0.68878462030534726 0.063791981527720115
957 2 4 -1.7572351904454457 -0.78774951164516493 -1.762202746821302
958 1 2 -1.6149801208244565 0.55742782637074939 -0.2183828131112118
959 5 -2 1.437041957807857 -0.56835799400102271 0.087036526890587246
960 5 -2 0.81826379217929091 1.3063326965446578 0.92680622658579603
961 5 -2 0.92131640919582336 0.31767115214028918 -0.34234900693409326
962 2 4 -2.8048460383492881 -2.9209579608865903 -3.0134353059998036
963 1 2 0.80586048710453884 2.9426389060532752 0.95670474541611217
964 5 -2 0.87721272222823599 0.6268826853897761 2.5215198157519403
965 5 -2 0.79353600865106333 -0.82456543454334907 0.19920039163004219
966 5 -2 2.7119708685317074 0.15089148340131311 0.084857938254934637
967 2 4 1.0462272337061067 -1.0084415011591146 -7.6384057631551201
968 1 2 -0.7862104574493044 0.31317778408067626 2.0612658665708223
969 5 -2 -0.38232347599733674 -0.78484719294243099 -0.6430863204255739
970 5 -2 -1.3638566092496118 -0.46684739904866812 0.54999505936112825
971 5 -2 0.62726181765401157 -0.23951390579429738 0.28364576620402338
972 2 4 -2.3162942167015057 -0.62016450180667293 1.836111283918914
973 1 2 -0.09278531137798593 -1.0239122501068991 2.5267020283011528
974 5 -2 1.7334964912993305 -0.80918605756874584 0.21551639974452833
975 5 -2 1.5045431167967001 -2.374655002976239 0.32794035577494823
976 5 -2 -2.1832236908200731 0.90370384929153968 -1.9205231050838889
977 2 4 0.77364300055609914 0.78903475807251533 1.1818975071664606
978 1 2 0.99824335862284641 0.41318618324297501 0.36117179076506828
979 5 -2 2.820387214614378 0.45992804559185213 -2.3434597900475822
980 5 -2 1.3028442846931694 1.8008398643931065 1.4587342596998114
981 5 -2 -0.66688487949913977 0.71877858132805417 0.41545334989837274
982 2 4 1.9560252315827436 -0.37130606550442308 1.3810113477990589
983 1 2 0.61429801085043245 -1.0047340183498108 -2.3948667017066803
984 5 -2 -0.73681312375814179 0.15154961039496179 -0.55213410633301496
985 5 -2 0.19936995786262729 0.99916877993826514 -0.8369841938957876
986 5 -2 -2.559888373903668 -1.4716354577982396 0.89815945734730573
987 2 4 -3.0828658881086577 3.4788255983147294 -1.1642307852479499
988 1 2 0.12488875033748904 -0.66614477250724557 1.0243208578346401
989 5 -2 0.61267806713640716 -1.1250215497487428 -1.4627468272750728
990 5 -2 -1.1418631578811012 2.443064132284249 1.3124825615859808
991 5 -2 3.0798196005508709 -0.58458734005401625 -1.2076589728886753
992 2 4 1.5474879293557251 -0.47045108927453338 3.6877891321136924
993 1 2 -0.47930024120516634 -1.6814215099784389 3.1234985960936106
994 5 -2 -1.6181009725158713 -0.017104082360956199 -3.8845349198180879
995 5 -2 -0.5783819710130611 -2.2748444681108646 -1.540679433480574
996 5 -2 -1.0277611921529266 -0.38368981340498742 -1.7411016567408402
997 2 4 -1.1404782281569787 0.36629466371527497 0.85093342323828103
998 1 2 1.3412895139594592 0.81364091235241531 0.3737055380100614
999 5 -2 -0.61187466500569265 -0.10423740760182837 1.5039766635871383
1000 5 -2 0.82550180995759836 0.92445182819973726 -1.8420009162648316
1001 5 -2 1.907816189970744 -0.32918687346667691 0.83446923163401787
1002 2 4 -1.5381083357686545 2.2735581706959294 2.4147391015356479
1003 1 2 -0.66235515999651873 0.090842916870530269 0.055071124444543602
1004 5 -2 -2.3354518145915582 -0.97250512651549537 -5.1830630302877001
1005 5 -2 -2.147952876631849 0.48872347148101697 4.0278682812741211
1006 5 -2 -0.21480187248980165 0.33403706731374128 -2.4432117788772123
1007 2 4 -1.8337817463936932 -1.5721005914106303 4.0996042641308561
1008 1 2 -1.0361556792993958 1.4273985566257279 0.32206424776637232
1009 5 -2 1.4570567050109675 0.64796066947014974 0.36006219671057516
1010 5 -2 1.3705194715669369 -1.8495705509257014 0.61542300009615625
1011 5 -2 -2.5855805498329367 0.77830877150129618 -0.48495207308041482
1012 2 4 1.1910772572141857 1.2646858146538378 -0.55054520147624941
1013 1 2 -0.054818969610155484 0.70866122636340101 1.4372289126281423
1014 5 -2 -0.68123861535903896 -0.47086021937912892 -0.84691788302517446
1015 5 -2 2.4977886202857329 1.5299605475272415 -0.96970850810104359
1016 5 -2 -0.59091534829284087 -1.956406726895936 0.42601607251213713
1017 2 4 -0.23297651900964644 2.1576321882349361 -3.5264781436514583
1018 1 2 1.4645450531834019 1.6032681773009114 -2.3950486361348808
1019 5 -2 0.17955284528631399 -1.1046091935337725 0.10369680697962498
1020 5 -2 0.87449926446577397 0.099574867371733683 -1.6708920379231662
1021 5 -2 -1.5006964907324909 -1.8698816667873834 1.5666296104683437
1022 2 4 0.81633221078830609 -2.2163745904143717 0.55148861497205215
1023 1 2 0.097480234662364912 1.4709143986251312 0.98358130667944954
1024 5 -2 0.25833686610599249 1.0037125908420002 2.1632843472971452
1025 5 -2 -1.8694017167443737 0.61438928790944058 0.25509697275925963
1026 5 -2 1.042063849189097 0.46473155104985708 -1.4662447027797008
1027 2 4 -3.0816143337008297 -4.729105564867905 -0.95200035478340705
1028 1 2 -0.061544756453788749 -0.037885551310542609 -0.3861636435044124
1029 5 -2 2.1846378145583145 0.39419058522195149 0.68771662607901218
1030 5 -2 0.95302333772749048 -0.15231025950538085 -0.046134285303638244
1031 5 -2 0.074844947484980162 0.25483059695663496 0.53344478977916354
1032 2 4 0.24311318035624896 1.0137186786731553 -0.14736405649518911
1033 1 2 0.091594136399861248 0.20312646122801931 -0.94410695527613853
1034 5 -2 -0.45722490211006289 2.3162630972916163 1.772918670271759
1035 5 -2 -1.5806448677135638 -0.65957808333819368 1.0573825195476843
1036 5 -2 1.9054391392110352 0.41832095260666569 0.79998127728870938
1037 2 4 0.39232442504360415 -2.4688436033842671 -0.56184312449577478
1038 1 2 1.9793671013785186 0.61846243237465559 1.2421086002427302
1039 5 -2 -0.87664854174784335 1.175411101512319 5.7389312398022723
1040 5 -2 -1.3167627704438785 2.196274282483178 0.40889263516229973
1041 5 -2 0.034478459772895528 1.0719479664170175 -0.64948815794120618
1042 2 4 3.0455734596533448 -0.87829119352130947 2.1315649098858929
1043 1 2 0.49599421052345261 2.3643887730303303 0.51059368617428391
1044 5 -2 -1.1095641545018426 1.1420869021674005 -0.23559383663541156
1045 5 -2 -1.9700559266124842 0.9805552850184337 -0.92590065512417952
1046 5 -2 -0.76685691606201267 0.043475047752199993 -1.4512640269847434
1047 2 4 -1.7764377999156074 -2.1039824367296043 -0.53248762393825178
1048 1 2 0.98788674874440896 2.2623455102405416 1.1473280896336278
1049 5 -2 1.1172941167533681 3.3793270774628499 1.5490034964605224
1050 5 -2 0.5250882041714473 2.8267257868012305 -0.49197221327298973
1051 5 -2 2.9930203000291158 -1.2953023497945466 0.47380156225845221
1052 2 4 0.31357081948991 2.5273877567225997 -0.67026616215142676
1053 1 2 1.7090912428655511 0.42433832260728616 0.83688138033963488
1054 5 -2 0.94644739018966273 0.38352705668606568 0.69735313706573177
1055 5 -2 -0.81206220486033165 -2.6682854172803245 -0.25453884047292596
1056 5 -2 -2.629104451707132 -1.9444657807417076 -1.3685747005526472
1057 2 4 -2.3607844643396971 0.83232655210602802 0.7658477378572256
1058 1 2 -0.040860172497394903 -0.63738244241204089 -1.508728122992806
1059 5 -2 0.21833949786805951 -0.28103648084052346 2.4248312242140466
1060 5 -2 2.6823400415770928 -0.33654703377728745 -1.9876837505118665
1061 5 -2 0.19598267921146106 1.328881285836232 -1.026360373224098
1062 2 4 -4.4379340358761139 -5.5486798834574245 0.08474047813914376
1063 1 2 2.5226452126683672 2.484688667058836 2.0188490804877457
1064 5 -2 2.1741413395626585 0.21217960034459923 -0.55371969160144385
1065 5 -2 0.32662330142716517 1.113919295837553 0.44162292544337434
1066 5 -2 0.060810483403315498 2.287974950648719 1.0620005829216459
1067 2 4 2.8830088823972631 -1.4551955854603755 -1.5567256118216037
1068 1 2 -1.7771587053594813 1.3519937438902749 1.3015644125374428
1069 5 -2 -1.0765341777852995 -0.63929085329787094 -0.96893355190339681
1070 5 -2 0.44354265663371373 -1.8683387431296452 -1.0545576128789678
1071 5 -2 0.023250993095371469 0.71251435983960287 1.1455887294829838
1072 2 4 -2.5543004562179874 -3.7095672466967944 0.63320987696944531
1073 1 2 -1.2527195940854712 -0.065835828074784802 0.34798174069079074
1074 5 -2 -0.95830132450329664 1.0583625626657962 -1.5398058610248788
1075 5 -2 1.3044008169643064 1.8967297109901757 1.6117664017772324
1076 5 -2 1.7770923042621607 0.72930811018310215 0.32824197300068714
1077 2 4 -0.17845455974585267 -0.83605510177012798 -2.5395397419890284
1078 1 2 0.60869005567294365 -1.898046363725342 1.7483027514012048
1079 5 -2 0.88142807044414984 0.1438516329106394 2.4823816605604629
1080 5 -2 -0.31412784520302939 0.63726514890605601 -0.64620312374962041
1081 5 -2 -0.17605092016401194 1.6893583705017194 -1.0660238818918071
