# golden forces for examples/licoo2_fermidirac (partition 0, layout 2x1)
# id type q fx fy fz
1 1 0.59999999999999998 -0.023568007867121189 -0.041733016886673052 0.10407814166631477
2 1 0.59999999999999998 -0.01511565823528181 -0.03644536536677967 0.082036080135713701
3 1 0.59999999999999998 -0.022050282570826446 -0.039772280535595103 0.1047728584651294
4 1 0.59999999999999998 -0.020824716713451843 -0.040610706545759719 0.082429383857997432
5 1 0.59999999999999998 -0.019952034108124104 -0.038516091361361492 0.10516883295197695
6 1 0.59999999999999998 -0.028438524528974152 -0.046951928578946159 0.082523406331573998
7 1 0.59999999999999998 -0.018685879985415793 -0.038312353675244978 0.10547151114973846
8 1 0.59999999999999998 -0.033820939704632506 -0.047045037875186511 0.082859125802921582
9 1 0.59999999999999998 -0.019364922401321483 -0.03924253937384517 0.10521093460125495
10 1 0.59999999999999998 -0.029248840171191986 -0.041735081983396573 0.082623697442818889
11 1 0.59999999999999998 -0.02155135644501582 -0.040690452813673249 0.10510500728112362
12 1 0.59999999999999998 -0.01951690693417063 -0.038264902062798492 0.082992303047653676
13 1 0.59999999999999998 -0.023419878162074869 -0.039482479566169557 0.10447275639524441
14 1 0.59999999999999998 -0.013880175561688411 -0.033769485524121449 0.082599348739622408
15 1 0.59999999999999998 -0.021684358589496536 -0.040804268648160641 0.10316599278321184
16 1 0.59999999999999998 -0.021219689224894787 -0.041129179889707622 0.08243171472552259
17 1 0.59999999999999998 -0.021819488195931526 -0.037886642076968284 0.10464707444657989
18 1 0.59999999999999998 -0.022231426917821043 -0.048042221625484952 0.082562903283057279
19 1 0.59999999999999998 -0.02012211913629882 -0.035924725630542512 0.10717314975913601
20 1 0.59999999999999998 -0.031023018538177453 -0.062274578594879157 0.08269465087974788
21 1 0.59999999999999998 -0.01743005943932812 -0.035898790542256441 0.10976934472916973
22 1 0.59999999999999998 -0.05484437250426305 -0.072631477008391898 0.088561223356641711
23 1 0.59999999999999998 -0.015965828059679919 -0.038289680669104917 0.10985632675039407
24 1 0.59999999999999998 -0.065721563914753839 -0.049635510918258165 0.088096348345827746
25 1 0.59999999999999998 -0.017202967168684989 -0.040974045289164006 0.10765978438150743
26 1 0.59999999999999998 -0.042517001626797814 -0.035920830264422374 0.082364897282705143
27 1 0.59999999999999998 -0.019797761562106223 -0.039559691819759109 0.10456320729596209
28 1 0.59999999999999998 -0.026661888223729627 -0.034867909364735668 0.082090878467157957
29 1 0.59999999999999998 -0.019841300626218156 -0.041907705071685883 0.10415132380576177
30 1 0.59999999999999998 -0.027312905796584342 -0.038354597980241975 0.081684834956695776
31 1 0.59999999999999998 -0.021717231293616523 -0.037988731629681076 0.10462976098912925
32 1 0.59999999999999998 -0.021867633570268118 -0.049263136093268309 0.08272202157202109
33 1 0.59999999999999998 -0.021862510785901148 -0.034750826759039892 0.10817648939251666
34 1 0.59999999999999998 -0.023940786849037304 -0.073546383327932952 0.083755851319016708
35 1 0.59999999999999998 -0.019697442026789101 -0.033615953811020269 0.11403278532467286
36 1 0.59999999999999998 -0.049641965371983544 -0.12667860134715836 0.10891790115178736
37 1 0.59999999999999998 -0.016314829070946432 -0.036797089743855711 0.11732632609477496
38 1 0.59999999999999998 -0.14771691250072225 -0.10667264276584837 0.19162276369858974
39 1 0.59999999999999998 -0.015114413279831013 -0.041677148207706259 0.11457346043995606
40 1 0.59999999999999998 -0.10326935531561006 -0.015530571565517166 0.10464751880351142
41 1 0.59999999999999998 -0.017039024116798088 -0.041194594367588225 0.10825353025609107
42 1 0.59999999999999998 -0.046160227821758493 -0.024342418219233004 0.081530357927871402
43 1 0.59999999999999998 -0.019034511432060055 -0.044439494790155479 0.10672405258507321
44 1 0.59999999999999998 -0.035927424651451108 -0.025084338753981635 0.08148847629187575
45 1 0.59999999999999998 -0.021446512035572581 -0.040000267203258451 0.10474220296042415
46 1 0.59999999999999998 -0.022443407080207273 -0.043065919115961263 0.082638069831298094
47 1 0.59999999999999998 -0.023505028581040623 -0.036097765779710703 0.10703657847272134
48 1 0.59999999999999998 -0.013654510384283346 -0.066756026014100023 0.084328538557123661
49 1 0.59999999999999998 -0.024139276472800567 -0.03368770005766359 0.11389229040957483
50 1 0.59999999999999998 -0.0044833166274114043 -0.13831361771045111 0.11711923172053094
51 1 0.59999999999999998 -0.021983249243052793 -0.036000813261929644 0.12134128099285867
52 1 0.59999999999999998 -0.053495589743323427 -0.17702483214901149 0.31557662104326639
53 1 0.59999999999999998 -0.018457908441304547 -0.042379036521350763 0.12180229481035429
54 1 0.59999999999999998 -0.1455937486798935 0.031028694252971264 0.28222715541805982
55 1 0.59999999999999998 -0.017382767768407633 -0.043619168816889875 0.11403904488728409
56 1 0.59999999999999998 -0.083704491893988389 0.019857181994823322 0.10417786068853782
57 1 0.59999999999999998 -0.020440568349524773 -0.046666565053708545 0.10923615322687216
58 1 0.59999999999999998 -0.035147901227160987 0.0017518840539859364 0.08747517876532887
59 1 0.59999999999999998 -0.021305245606566454 -0.042439105917454534 0.10517751272394732
60 1 0.59999999999999998 -0.023983756632416323 -0.032736388526006098 0.082646106320218155
61 1 0.59999999999999998 -0.023484233913812162 -0.038724012102205413 0.10501678563177654
62 1 0.59999999999999998 -0.013512223342324169 -0.050189605251030951 0.083590125921293418
63 1 0.59999999999999998 -0.026126568153321275 -0.036051847067347709 0.10948238258296544
64 1 0.59999999999999998 0.015862827490837658 -0.081082638986088543 0.094445810341099071
65 1 0.59999999999999998 -0.027448863353463374 -0.036829568986808406 0.11701777816740554
66 1 0.59999999999999998 0.11941868556497291 -0.11995815690543064 0.23065835659005851
67 1 0.59999999999999998 -0.025432938721191314 -0.042334935629349521 0.12163470912366633
68 1 0.59999999999999998 0.082718202889311351 0.056078718776608354 0.31251713110339513
69 1 0.59999999999999998 -0.021903264040448883 -0.044835743272272251 0.11708983125589632
70 1 0.59999999999999998 -0.025907564991279521 0.10321946910068162 0.18924706674253472
71 1 0.59999999999999998 -0.023193249914004597 -0.046565304852820649 0.10918473055220297
72 1 0.59999999999999998 -0.010172158368720225 0.0035362572635465979 0.087898199846006927
73 1 0.59999999999999998 -0.021732763933704869 -0.043466138580804614 0.10547801183023589
74 1 0.59999999999999998 -0.02169750154198323 -0.026204374206580609 0.082933575934278345
75 1 0.59999999999999998 -0.022330706708720456 -0.040569921830605711 0.10379294198575549
76 1 0.59999999999999998 -0.018561392340943859 -0.040339506620145474 0.083407165983838211
77 1 0.59999999999999998 -0.024579519975303769 -0.038427777305978288 0.10526717430517307
78 1 0.59999999999999998 -0.0053264958669617226 -0.04948900124683453 0.084493967035417117
79 1 0.59999999999999998 -0.027407030030220606 -0.038327144379579556 0.10951811802025396
80 1 0.59999999999999998 0.03240220218513807 -0.05172299103212042 0.094361829247397458
81 1 0.59999999999999998 -0.028451172243022158 -0.041583855585846694 0.11423316069702567
82 1 0.59999999999999998 0.070789482415135108 -0.0062993256265405761 0.11655329550375175
83 1 0.59999999999999998 -0.026285661498682174 -0.04346646987198452 0.11383905057393481
84 1 0.59999999999999998 0.038513054754587446 0.028190425404902766 0.10806720103031237
85 1 0.59999999999999998 -0.024487131547803308 -0.044216548303887195 0.1066196750247724
86 1 0.59999999999999998 -0.0073556261537667507 -0.021924962320435781 0.082212419317365129
87 1 0.59999999999999998 -0.022164444307567015 -0.042257380938132721 0.1051933695688453
88 1 0.59999999999999998 -0.01918749286082027 -0.030917640318691535 0.08259797311718485
89 1 0.59999999999999998 -0.02097914817801768 -0.040479923847722692 0.10385462337758525
90 1 0.59999999999999998 -0.023105504608506723 -0.039322010850619343 0.083111492884548166
91 1 0.59999999999999998 -0.021576997656747754 -0.039290346958848248 0.10380922520021162
92 1 0.59999999999999998 -0.019953716613961267 -0.042670714329308246 0.083401492463592256
93 1 0.59999999999999998 -0.023750569786924539 -0.039258267516938554 0.10507486311842987
94 1 0.59999999999999998 -0.0089500287711568594 -0.042075007658859465 0.08363670064907848
95 1 0.59999999999999998 -0.026027287392203374 -0.040904378485630888 0.10741907746764642
96 1 0.59999999999999998 0.0051197629324233607 -0.034063058805853585 0.084701749774351534
97 1 0.59999999999999998 -0.026359256294945451 -0.041014036828144661 0.10803094921140279
98 1 0.59999999999999998 0.0057945464940583049 -0.020035889574864841 0.083639468904449024
99 1 0.59999999999999998 -0.022536441824590858 0.037952490698676983 -0.031392432736563454
100 1 0.59999999999999998 -0.021560034590188258 0.037356997087399028 0.0032837169659196293
101 1 0.59999999999999998 -0.019238547365746688 0.041398912765940384 -0.035631108004298584
102 1 0.59999999999999998 -0.021935486045063606 0.037172134336073526 0.003857834866592203
103 1 0.59999999999999998 -0.014227030937862248 0.043509086867957319 -0.041996679334776195
104 1 0.59999999999999998 -0.022254630810788652 0.03711988141054659 0.0044522901504204758
105 1 0.59999999999999998 -0.012037658514877694 0.041907118012158746 -0.041845772590011446
106 1 0.59999999999999998 -0.022264522823895423 0.037335298532479501 0.0044962819132572896
107 1 0.59999999999999998 -0.014972528552933176 0.038927017609229529 -0.03510869722306724
108 1 0.59999999999999998 -0.021929953130309834 0.037847811629689462 0.0042491813935740808
109 1 0.59999999999999998 -0.019964903133737156 0.035800866191807112 -0.031622565552982047
110 1 0.59999999999999998 -0.021522976986519508 0.036279757308151257 0.0030675952410802632
111 1 0.59999999999999998 -0.022963482517753188 0.03769158443745884 -0.030962487258918578
112 1 0.59999999999999998 -0.021380920897669447 0.038540678872046062 0.002503122236358909
113 1 0.59999999999999998 -0.021744661200895302 0.03889969176123028 -0.03041908323461813
114 1 0.59999999999999998 -0.021689017397874887 0.037072736241435318 0.0030383679492600808
115 1 0.59999999999999998 -0.02053996403103964 0.047232982538928714 -0.041278603712681071
116 1 0.59999999999999998 -0.021882473563796887 0.036744735391009441 0.004491800802331942
117 1 0.59999999999999998 -0.0043398642675151608 0.06488791610488176 -0.070444023684832199
118 1 0.59999999999999998 -0.022316929583684454 0.036676386591426802 0.0065125413001460887
119 1 0.59999999999999998 0.024055597614215763 0.065951214074099304 -0.10087987880263639
120 1 0.59999999999999998 -0.022688343108169456 0.037085492737876202 0.0074770160970629579
121 1 0.59999999999999998 0.013452828448386814 0.042121628194219329 -0.068822586838851688
122 1 0.59999999999999998 -0.022664064768319076 0.037850459518660902 0.0067908835619400467
123 1 0.59999999999999998 -0.0093831891805935819 0.032600022893320306 -0.040506804670228186
124 1 0.59999999999999998 -0.022255349866855675 0.036336483244250137 0.004201745059860356
125 1 0.59999999999999998 -0.018767243614469416 0.036673306922488158 -0.030693975537050805
126 1 0.59999999999999998 -0.021842725682376673 0.038448538315218002 0.0024453979958779797
127 1 0.59999999999999998 -0.020644921590133699 0.036082605558201183 -0.031412098268841455
128 1 0.59999999999999998 -0.02181611823726742 0.037173656896953726 0.0032770546412920075
129 1 0.59999999999999998 -0.024991572983847164 0.04515257266708108 -0.041898512736600203
130 1 0.59999999999999998 -0.021659348881679894 0.036643632810850493 0.0045494392039012168
131 1 0.59999999999999998 -0.027013983543433279 0.095930446658914717 -0.09313595304477966
132 1 0.59999999999999998 -0.021866033370477728 0.036401890431075619 0.0075943948389322127
133 1 0.59999999999999998 0.19038901737408187 0.37468176355956018 -0.26938410450802974
134 1 0.59999999999999998 -0.022353282482012828 0.03682947265488716 0.010232583771766422
135 1 0.59999999999999998 0.3803703315082268 0.066654548280862036 -0.26407143814386252
136 1 0.59999999999999998 -0.022735890955631825 0.037870161216092817 0.010445839036878755
137 1 0.59999999999999998 0.035228790051804397 0.0030860014575296944 -0.088037923701393364
138 1 0.59999999999999998 -0.02265131409466371 0.036599730061314992 0.0071623203465626369
139 1 0.59999999999999998 -0.012602820831333877 0.029416672443526987 -0.040847823198318867
140 1 0.59999999999999998 -0.022234304901809599 0.038709427671489723 0.0038762753736723186
141 1 0.59999999999999998 -0.019386782000997502 0.03106037748061238 -0.035474824497966961
142 1 0.59999999999999998 -0.021888273754060886 0.037594899473533921 0.0039006749746597139
143 1 0.59999999999999998 -0.023840223935161449 0.038063424999324587 -0.036521863113390771
144 1 0.59999999999999998 -0.021482210054378181 0.036950045784789741 0.0039752674324271308
145 1 0.59999999999999998 -0.040244187280676982 0.056000856117748195 -0.07538501345219023
146 1 0.59999999999999998 -0.021270462307851411 0.036527567626540247 0.0067239257241796992
147 1 0.59999999999999998 -0.25324280174190023 0.3516705271266603 -0.30212035795180708
148 1 0.59999999999999998 -0.021441568193917567 0.036789872953270186 0.010405008922556283
149 1 0.59999999999999998 -0.02193144668346347 0.037896304607530629 0.012353022229651373
150 1 0.59999999999999998 0.15383415548104173 -0.32668876090948296 -0.26511413338686884
151 1 0.59999999999999998 -0.022304714232388022 0.036890281732638343 0.0098883910091167922
152 1 0.59999999999999998 -0.0080263805845962929 0.005785021904777303 -0.069807549823310402
153 1 0.59999999999999998 -0.022260650402514803 0.039159213704080452 0.0059081388508721794
154 1 0.59999999999999998 -0.020688224705729712 0.026966048683700696 -0.041890754277363079
155 1 0.59999999999999998 -0.021808149960169984 0.038027632885046875 0.0044982652848673489
156 1 0.59999999999999998 -0.021699011711992976 0.034960207152965002 -0.032074405360181919
157 1 0.59999999999999998 -0.021488736489873806 0.037423141847212939 0.0033085720355089132
158 1 0.59999999999999998 -0.025749850682923629 0.039193180247639188 -0.044298490834061476
159 1 0.59999999999999998 -0.021050234284733741 0.036944347643033684 0.004687219819441933
160 1 0.59999999999999998 -0.05605115141688409 0.057323086642573691 -0.11319508668031768
161 1 0.59999999999999998 -0.020774412694242433 0.037001850975430371 0.0078267711445278981
162 1 0.59999999999999998 -0.40947641694515541 0.080982097946737414 -0.30196640118352314
163 1 0.59999999999999998 -0.020924171595248939 0.037912090412530089 0.01075576668916192
164 1 0.59999999999999998 -0.20732464778878881 -0.31613409450726293 -0.27024843174171936
165 1 0.59999999999999998 -0.021407977013329364 0.036966022731792954 0.010025887642890577
166 1 0.59999999999999998 -0.023470535284040969 -0.015263356937455445 -0.10167340141432316
167 1 0.59999999999999998 -0.021806344903456974 0.039449467725850083 0.006945201524534734
168 1 0.59999999999999998 -0.023105888633524415 0.028084031215840168 -0.041989773332186314
169 1 0.59999999999999998 -0.021610673980027788 0.038130115523343569 0.0045104352787577176
170 1 0.59999999999999998 -0.02108754946015047 0.034818322997922944 -0.030833872458759268
171 1 0.59999999999999998 -0.021623017592556207 0.037706913140349685 0.0030139646389266785
172 1 0.59999999999999998 -0.021304052076553438 0.037323762257059856 -0.03135958404944688
173 1 0.59999999999999998 -0.021307618474381784 0.037316416324016229 0.0031135174349515753
174 1 0.59999999999999998 -0.025141500954714197 0.040199342837911045 -0.044246993632831584
175 1 0.59999999999999998 -0.020856652842203192 0.037272958454345723 0.0047433836348361033
176 1 0.59999999999999998 -0.046899955638077237 0.044541835711948481 -0.075018975762247891
177 1 0.59999999999999998 -0.020605421091984634 0.037898855162868055 0.0071305320005483697
178 1 0.59999999999999998 -0.074760098147015688 0.011451198211805647 -0.093403796496077357
179 1 0.59999999999999998 -0.020787787565362509 0.036761455048930192 0.0074433196153311067
180 1 0.59999999999999998 -0.036597121686472708 0.0097747443552384083 -0.071060770757780903
181 1 0.59999999999999998 -0.021259944447511232 0.039335693552540053 0.0060364239684371195
182 1 0.59999999999999998 -0.023766911199843671 0.033444499019446294 -0.035592202218029244
183 1 0.59999999999999998 -0.021501511360515667 0.037824278129082914 0.0039198712188349052
184 1 0.59999999999999998 -0.020477689976468386 0.036871789187378649 -0.031659725112609172
185 1 0.59999999999999998 -0.021803340121106782 0.037596659030421323 0.0032256817462338917
186 1 0.59999999999999998 -0.019000712653882139 0.038403617745459959 -0.030818028606492534
187 1 0.59999999999999998 -0.021808612617904313 0.037391340933668006 0.0030181222079036004
188 1 0.59999999999999998 -0.019432583863283615 0.038823867729875158 -0.03200608846089318
189 1 0.59999999999999998 -0.021495751101301745 0.037410341718409193 0.0033688922260707872
190 1 0.59999999999999998 -0.023189297683571711 0.039337763566568471 -0.036117104789030255
191 1 0.59999999999999998 -0.021082628784489126 0.037868139940622818 0.0043858101590075298
192 1 0.59999999999999998 -0.029876382565893127 0.035086448191360954 -0.042070625544304928
193 1 0.59999999999999998 -0.020899346870383927 0.036458584929567689 0.0044019330938459235
194 1 0.59999999999999998 -0.029453068483990544 0.032554641703957526 -0.041791805788307643
195 1 0.59999999999999998 -0.021107211918154376 0.038921928273137799 0.0040188591680524882
196 1 0.59999999999999998 0.041437186820437247 -0.00024964167646514328 -0.012054776469823775
197 1 0.59999999999999998 0.044507914698729396 -0.0020221993987345516 -0.0028898822594228381
198 1 0.59999999999999998 0.045071873370919745 0.0069735829657380493 -0.010594846674231051
199 1 0.59999999999999998 0.042343415642953887 -0.0051219824674600643 -0.0012015620357156548
200 1 0.59999999999999998 0.054524293398450149 0.013797165980476591 -0.0067425451870135929
201 1 0.59999999999999998 0.038171292180233497 -0.0074683919328955911 0.0018167063379648548
202 1 0.59999999999999998 0.064244780286652037 0.011215345713199831 -0.0039449738080979688
203 1 0.59999999999999998 0.034739112765923882 -0.0057112024738947024 0.0033904818487884253
204 1 0.59999999999999998 0.062184279061106754 0.0017198494359640026 -0.0068588535098609224
205 1 0.59999999999999998 0.035750688495648345 -0.0016468696342071521 0.0011681341197445447
206 1 0.59999999999999998 0.051765098882930523 -0.0040092659227972593 -0.011487917381350753
207 1 0.59999999999999998 0.040132942808258347 -0.0002848626491124226 -0.0025758536787000869
208 1 0.59999999999999998 0.043655728576598038 -0.0021415628564271007 -0.010241439963546003
209 1 0.59999999999999998 0.043760192750024664 0.001368614924797916 -0.0012286585662298637
210 1 0.59999999999999998 0.045330104309104453 -0.00057074887643176521 -0.011986092660572212
211 1 0.59999999999999998 0.042342778949193353 -0.0024157659943315332 -0.0029769345336215182
212 1 0.59999999999999998 0.043074522004059722 0.010871441541327433 -0.010026607335713889
213 1 0.59999999999999998 0.043046158443033528 -0.0074889393395003029 -0.00055491010801332369
214 1 0.59999999999999998 0.049966548380294309 0.027985543608645715 0.00051485048677073892
215 1 0.59999999999999998 0.040047510731708348 -0.012361240884814403 0.0062207746484024967
216 1 0.59999999999999998 0.073743467079173758 0.034598895324516141 0.021168462457112215
217 1 0.59999999999999998 0.033680094758407927 -0.011132063413517575 0.013793999089272682
218 1 0.59999999999999998 0.089259765057337695 0.0083604359325963416 0.021266281823250369
219 1 0.59999999999999998 0.029669160179379248 -0.0029356981434706607 0.012820077000472337
220 1 0.59999999999999998 0.072327447169826212 -0.010079979861345505 0.00023715390918350071
221 1 0.59999999999999998 0.032806000457850308 0.001599021533019214 0.0038934788428176101
222 1 0.59999999999999998 0.054219264433371092 -0.0063138241530125028 -0.0076973836037825217
223 1 0.59999999999999998 0.038554461441028025 0.0027295815641287581 0.00049584875381654544
224 1 0.59999999999999998 0.049411912783212254 -0.0075791146013669446 -0.01038617464062601
225 1 0.59999999999999998 0.040370475510714016 0.00063350984065490526 -0.0014639513730877551
226 1 0.59999999999999998 0.041310163640259356 0.0063200984656418347 -0.010918050174755889
227 1 0.59999999999999998 0.044029791621777184 -0.0059300087277067278 -0.00085115568768263114
228 1 0.59999999999999998 0.035611138586040439 0.027556531601216915 -8.8684869390542054e-05
229 1 0.59999999999999998 0.045300768038688453 -0.012972465988497111 0.0069436517277501868
230 1 0.59999999999999998 0.042383792063531323 0.055284924542820767 0.04561408391879189
231 1 0.59999999999999998 0.041966972075525667 -0.014682525556855015 0.021113131950417717
232 1 0.59999999999999998 0.08525678269617594 0.023933482103060424 0.099406996025454414
233 1 0.59999999999999998 0.034385711328227521 -0.0046398077948703164 0.028520796960225917
234 1 0.59999999999999998 0.091544799091570761 -0.029719036002359891 0.045716858876875981
235 1 0.59999999999999998 0.031086354866023905 0.005195422590229792 0.017694725949751751
236 1 0.59999999999999998 0.064942341832787381 -0.021037788570065569 0.0030828894207055378
237 1 0.59999999999999998 0.035063587415931519 0.0073533805433713397 0.0067592703457336227
238 1 0.59999999999999998 0.050377958376071098 -0.019038265057046162 -0.0065665018744154825
239 1 0.59999999999999998 0.040077789316117385 0.005538011015007515 0.0014994147030832085
240 1 0.59999999999999998 0.042517047243014763 -0.0022855207530332352 -0.011673613215560538
241 1 0.59999999999999998 0.043954489399031856 -0.0016511690536633911 -0.001538874639109826
242 1 0.59999999999999998 0.032003133599388014 0.012952046426472932 -0.0078394969738743957
243 1 0.59999999999999998 0.048393173650829964 -0.0085915681572054474 0.0030752126710609133
244 1 0.59999999999999998 0.011919341068006436 0.034172149989544917 0.019396784797527482
245 1 0.59999999999999998 0.051854761215349383 -0.012044612020391846 0.016199596777799845
246 1 0.59999999999999998 -0.00032850390157227464 0.024161157552483922 0.098584037273838451
247 1 0.59999999999999998 0.049560693244633483 -0.0046308527845247537 0.03058191365696258
248 1 0.59999999999999998 0.042655175707923931 -0.050675547431355099 0.098561027188194261
249 1 0.59999999999999998 0.041974835923219711 0.0076792450541762003 0.027755570512750162
250 1 0.59999999999999998 0.058153893413521701 -0.044494701612415997 0.023294622050859005
251 1 0.59999999999999998 0.038141857910168574 0.012765272341537164 0.014917649590153976
252 1 0.59999999999999998 0.043159239406507108 -0.025581179425420694 -0.0039476572499736861
253 1 0.59999999999999998 0.043066185945850544 0.0084341976702991574 0.003450034104032172
254 1 0.59999999999999998 0.043543055368924236 -0.0085023843000826081 -0.011471138782506128
255 1 0.59999999999999998 0.043515175722186376 0.0020762376738743763 -0.0017646735133092755
256 1 0.59999999999999998 0.037705473204531575 0.001970687610671088 -0.012000069131433309
257 1 0.59999999999999998 0.047046583683699982 -0.0035367166365428792 -0.001106063066213838
258 1 0.59999999999999998 0.022948447582084731 0.010708051205465398 -0.0055978962339790607
259 1 0.59999999999999998 0.052734089057556964 -0.0064875717145673265 0.0053594992285363732
260 1 0.59999999999999998 -0.0028833762985232061 0.0085511482931669922 0.019099576486753797
261 1 0.59999999999999998 0.057109190762773043 -0.0029188413607334446 0.015927830669210202
262 1 0.59999999999999998 -0.0059311591053275029 -0.029223316329611816 0.044485049095809519
263 1 0.59999999999999998 0.054448437335006275 0.0061269541691613659 0.02007104422950166
264 1 0.59999999999999998 0.027653121822290901 -0.044185211006132867 0.02289952242235805
265 1 0.59999999999999998 0.047230745196369703 0.013377761839413842 0.015619978643649789
266 1 0.59999999999999998 0.03607993399362501 -0.018450286623730078 -0.006788603022699651
267 1 0.59999999999999998 0.046320130133720168 0.0063439429085293125 0.0018217981814767472
268 1 0.59999999999999998 0.043328172811224662 -0.0081881054771248702 -0.011367451223299444
269 1 0.59999999999999998 0.043361921758473969 0.0024683386493836029 -0.0018652680682483831
270 1 0.59999999999999998 0.04371496341066574 -0.0012669358996199546 -0.012619018460015036
271 1 0.59999999999999998 0.043778714763118745 -0.0013041362109166676 -0.0028307010030680468
272 1 0.59999999999999998 0.037906282340027089 0.0023053197542396106 -0.012047691368248473
273 1 0.59999999999999998 0.047346180201598052 -0.0030303862556582601 -0.0011563337030313799
274 1 0.59999999999999998 0.025547224986734385 0.0017848750540764146 -0.0081779015614230517
275 1 0.59999999999999998 0.052398907151604564 -0.001635784076794915 0.0027490120029545159
276 1 0.59999999999999998 0.014705380996891025 -0.0094787382067986793 -0.0012385960912367528
277 1 0.59999999999999998 0.054645668020218384 0.0023964098950622742 0.0058365390856879073
278 1 0.59999999999999998 0.02151009812551825 -0.020281749516419246 0.0022104581868974947
279 1 0.59999999999999998 0.051495663306400125 0.00848170028682926 0.0079797860994528912
280 1 0.59999999999999998 0.037278524237487162 -0.00684885416877643 -0.010597230151974819
281 1 0.59999999999999998 0.046389544643395189 0.001561910846564281 -0.001182908002649219
282 1 0.59999999999999998 0.044216852103427892 -0.0015351453282451656 -0.011370743902886789
283 1 0.59999999999999998 0.042810770441193108 -0.00072362256314195315 -0.0018518831837234125
284 1 0.59999999999999998 0.049535623461486336 0.0025408302415404777 -0.011328662891972485
285 1 0.59999999999999998 0.04032311237316516 -0.0028172033785172691 -0.0018469393723120919
286 1 0.59999999999999998 0.049915704988819781 0.0024978192334501972 -0.011479967894185143
287 1 0.59999999999999998 0.040739802681722559 -0.0027673791392468549 -0.0017966202855583611
288 1 0.59999999999999998 0.044016572984416205 0.00031052201828166007 -0.011972797488451021
289 1 0.59999999999999998 0.044185690194179596 -0.0012508971900329646 -0.0018468490736683028
290 1 0.59999999999999998 0.035954826486034555 -0.0037837897931009895 -0.012022146551914387
291 1 0.59999999999999998 0.047922774247620828 -1.3271280497608165e-05 -0.0019444426343004162
292 1 0.59999999999999998 0.032897759107613722 -0.0057501761010469062 -0.008284183533867057
293 1 0.59999999999999998 0.048785919052613001 0.0034549169406301551 0.0012123617509268332
294 3 1.8 -0.21350785242634454 -0.34767534384919907 -0.048785503611963189
295 3 1.8 -0.18956966551094534 -0.3335958911770413 0.025611870492384094
296 3 1.8 -0.19655074888874466 -0.32722231360161452 -0.048571894723468304
297 3 1.8 -0.19352105487615345 -0.32953538784506364 0.026754788155212515
298 3 1.8 -0.17265738983607495 -0.30910115217986189 -0.050042993754682387
299 3 1.8 -0.19831977311385576 -0.3329514956237799 0.027701556244156093
300 3 1.8 -0.15486170949170294 -0.30702395603817295 -0.05079944510278521
301 3 1.8 -0.20064893610293491 -0.3333079245093768 0.0284448748637702
302 3 1.8 -0.16273479709729055 -0.32037726110127468 -0.050238119545013102
303 3 1.8 -0.19832048517731662 -0.33136162237072581 0.027743392376760535
304 3 1.8 -0.18984067238737032 -0.33359201614105422 -0.048838020612361435
305 3 1.8 -0.19300304670133048 -0.33109618380919514 0.027349967801859842
306 3 1.8 -0.21238931853325313 -0.32180562677889846 -0.048843952689332663
307 3 1.8 -0.18907779623022369 -0.30954056618288778 0.026162864555806256
308 3 1.8 -0.19304828132649315 -0.33674870768862791 -0.045878595531173613
309 3 1.8 -0.19380851151265732 -0.33648344235370847 0.022847231576567369
310 3 1.8 -0.19377350299329182 -0.30595340817588246 -0.048001838396255991
311 3 1.8 -0.19417205950170835 -0.33450025108293951 0.026477520802423157
312 3 1.8 -0.16553483332554281 -0.26056238783469771 -0.052098261007469289
313 3 1.8 -0.19853621444981975 -0.33914709904970824 0.033058458395041512
314 3 1.8 -0.09057554301944637 -0.22990734929209797 -0.048419592013025058
315 3 1.8 -0.20447414527286992 -0.33859440256089318 0.039258058094235562
316 3 1.8 -0.055586460359965333 -0.28666385575404174 -0.047049827153315883
317 3 1.8 -0.20706837665753547 -0.33325788210955243 0.038792244453223455
318 3 1.8 -0.11624857691256918 -0.33975634082924838 -0.049062747518211519
319 3 1.8 -0.20364503996585639 -0.3306451808100806 0.032757537893113871
320 3 1.8 -0.1701058181134093 -0.32380925486348688 -0.047047226528176542
321 3 1.8 -0.19756491752703234 -0.31001093636407445 0.025489458183687197
322 3 1.8 -0.17277388354352405 -0.35140096081896605 -0.047488186984411929
323 3 1.8 -0.19823056281498364 -0.33460603451022203 0.025081015501430302
324 3 1.8 -0.19562471240025439 -0.30824099983840691 -0.048505815815251097
325 3 1.8 -0.19437461067803255 -0.33509289934911884 0.026620638125556775
326 3 1.8 -0.19763497877355576 -0.22792985380247735 -0.05221083763176488
327 3 1.8 -0.19485609377122562 -0.34257342442071187 0.036305397212296267
328 3 1.8 -0.092264663287112289 -0.025728326674180166 0.012347831628421404
329 3 1.8 -0.20024936649413705 -0.34388664159331539 0.050454073885541843
330 3 1.8 0.27363051260782167 -0.05636327665563505 0.16895112833240747
331 3 1.8 -0.20734611011348161 -0.33629485579104201 0.056957544178282957
332 3 1.8 0.12133016954988617 -0.38983097020209234 0.019780081687050224
333 3 1.8 -0.20928633462145424 -0.32903616524888957 0.049235685082716134
334 3 1.8 -0.10191974732097486 -0.36633949917963216 -0.046396411994060686
335 3 1.8 -0.20450384425230844 -0.30667772007558552 0.034219176991715013
336 3 1.8 -0.1497276587707401 -0.39979494759602952 -0.050376473690645816
337 3 1.8 -0.20047201327725045 -0.32896111077607854 0.031528901495592752
338 3 1.8 -0.19139862743578021 -0.33201237386938948 -0.049276616050479886
339 3 1.8 -0.19474690489839491 -0.33084503108674168 0.026990660915970438
340 3 1.8 -0.22533802957731797 -0.26696049465113764 -0.056504645155846842
341 3 1.8 -0.19050656031639079 -0.34025460114255007 0.03416908753673633
342 3 1.8 -0.30942451596377663 -0.033055730477184755 0.0020772619721694087
343 3 1.8 -0.19022996675059786 -0.34443337284681902 0.051730062327042844
344 3 1.8 -0.21000491691350082 0.60437763455844529 1.0279675903925622
345 3 1.8 -0.1957571734613831 -0.33801828988255161 0.067814107651846617
346 3 1.8 0.59654867843375203 -0.80160212811712128 1.019094267987342
347 3 1.8 -0.20299688786093792 -0.32731104185658833 0.066744335810303965
348 3 1.8 0.0098649653672130359 -0.5576848709722767 0.01776847196597214
349 3 1.8 -0.2045906645950307 -0.30128540038885643 0.048402560215498547
350 3 1.8 -0.16351306434414667 -0.47602288378442092 -0.048132203379292367
351 3 1.8 -0.19770539373164994 -0.32342751213189336 0.038125234106358333
352 3 1.8 -0.1870844615719395 -0.36059263764545785 -0.050013800729945476
353 3 1.8 -0.1949664900710423 -0.32483114794957696 0.027964929318935357
354 3 1.8 -0.21322391439507046 -0.31471701087996051 -0.053530259750161666
355 3 1.8 -0.18956307672681333 -0.3342130834653087 0.028863885008842068
356 3 1.8 -0.29492185980174201 -0.23892715508619719 -0.060784380176853503
357 3 1.8 -0.18404604093593116 -0.33967291826406626 0.041683703144597753
358 3 1.8 -0.6657413975492753 -0.061158353032487116 0.13973071229498801
359 3 1.8 -0.18256400908560039 -0.33655785364351531 0.059833587400860734
360 3 1.8 -1.0038278348980938 -0.79428945825033415 1.000441641025779
361 3 1.8 -0.18789895353791455 -0.32695176912776913 0.068336760514478845
362 3 1.8 -0.20020765278848027 -0.84669821494512942 0.16074784884989729
363 3 1.8 -0.19512254088972705 -0.29806973967410688 0.056657488547296395
364 3 1.8 -0.22816704353092709 -0.47300165712432068 -0.049569965183001961
365 3 1.8 -0.19143087704385162 -0.32280497704036498 0.038539447842562663
366 3 1.8 -0.19400726561555046 -0.37345275109628567 -0.050557330244365241
367 3 1.8 -0.19407467635591513 -0.32163395062486361 0.028625749581094651
368 3 1.8 -0.19783966382899582 -0.33527892528597064 -0.04825138113295601
369 3 1.8 -0.19188920965426398 -0.32923966853217701 0.024928725843905056
370 3 1.8 -0.22636501713197085 -0.31093213164562811 -0.05590737079668405
371 3 1.8 -0.18620926569823465 -0.33405227279569621 0.030033313929697873
372 3 1.8 -0.32256120363236912 -0.28893735592518138 -0.060804594709952468
373 3 1.8 -0.18026625606757887 -0.33352737765476037 0.041629584410248867
374 3 1.8 -0.50415516139913552 -0.38239079032429479 0.00081296937584454578
375 3 1.8 -0.17925073618670045 -0.32834367203593262 0.052211506836793008
376 3 1.8 -0.40185680514772337 -0.54875955159548584 0.0089700402557206117
377 3 1.8 -0.18466554547016342 -0.30022105905791235 0.050105260133546395
378 3 1.8 -0.2384216916844947 -0.39414655579770108 -0.052802592043282123
379 3 1.8 -0.18794234423020553 -0.32762982733998597 0.032333209146530734
380 3 1.8 -0.20058420081126818 -0.35694585416498564 -0.049819208583364132
381 3 1.8 -0.19316768703459081 -0.32379536762601019 0.027857815275034482
382 3 1.8 -0.18679348360115472 -0.3333028262918224 -0.047156692159935766
383 3 1.8 -0.19535136083786153 -0.32871326179768517 0.024481019414617534
384 3 1.8 -0.19060731662667399 -0.3232046899505987 -0.048288197657094453
385 3 1.8 -0.19316460584218589 -0.33151147444573087 0.024902102101933998
386 3 1.8 -0.21603853006621029 -0.32093082776595427 -0.053518170555597371
387 3 1.8 -0.18769977283507813 -0.3314652813072293 0.028797136737339281
388 3 1.8 -0.26284188727470642 -0.33700263714312501 -0.055858316471988904
389 3 1.8 -0.18295731825704281 -0.33017967813088889 0.034669330701446933
390 3 1.8 -0.2819727901875998 -0.35986687445800192 -0.052564165975916809
391 3 1.8 -0.18306552477368201 -0.30551336796799006 0.035977072240207748
392 3 1.8 -0.20016341424125159 0.34012932882311658 0.0046826248630697257
393 3 1.8 -0.19020880851241867 0.33444263912759004 -0.014225364006144816
394 3 1.8 -0.18858081527560142 0.35110719310855637 0.0089599363364091401
395 3 1.8 -0.20746458496278466 0.3180383850132234 -0.0098785878946681602
396 3 1.8 -0.17465034143104419 0.35556574788510537 0.014630933309073833
397 3 1.8 -0.22886938926347639 0.31112389297942289 -0.0024692522517616639
398 3 1.8 -0.16985628669106623 0.34863531367963746 0.014728216026610019
399 3 1.8 -0.23436922831597079 0.32518720055162315 -0.0028056164641599864
400 3 1.8 -0.17987168505833112 0.34026674264416523 0.0096750379666568215
401 3 1.8 -0.21485651231984149 0.34183915018281696 -0.0097081825246341721
402 3 1.8 -0.19494405988458871 0.31761350261808391 0.0042676607345337242
403 3 1.8 -0.19245417070006887 0.33014482018087676 -0.01464830128954521
404 3 1.8 -0.20316520778145652 0.34243045420479323 0.0026184956313925855
405 3 1.8 -0.18384927643687973 0.35366623728579766 -0.015863067811119368
406 3 1.8 -0.19592467487294571 0.34601500619275194 0.0034564082946719208
407 3 1.8 -0.1959938714730971 0.32373530178571824 -0.015052314248333955
408 3 1.8 -0.19214913425452909 0.36466697777423429 0.01439913475832858
409 3 1.8 -0.20445504945678672 0.29469944914184565 -0.0031558875196780688
410 3 1.8 -0.17424124861562329 0.37698941120391594 0.036255952220634415
411 3 1.8 -0.23725228803620646 0.26823012871461432 0.028141945166849799
412 3 1.8 -0.1519656142407135 0.36457298890947487 0.050307272462626285
413 3 1.8 -0.28157871476381097 0.29253014734849814 0.053270949372988215
414 3 1.8 -0.15091343869075624 0.3403305576560155 0.037867621510356608
415 3 1.8 -0.27317020762388794 0.34410451756320631 0.025028764190640384
416 3 1.8 -0.16971711935124836 0.31237093708455893 0.015222801337052842
417 3 1.8 -0.23191222806041012 0.33728668940424933 -0.0064569024093566636
418 3 1.8 -0.1878108591706231 0.34189972086042147 0.0030283466450226272
419 3 1.8 -0.20471828407376594 0.35166516411327753 -0.016859259150060198
420 3 1.8 -0.19163679585512006 0.33909470056318441 0.0047186656079543643
421 3 1.8 -0.20128493912901321 0.33070996926541285 -0.01420202985789139
422 3 1.8 -0.20063784509976529 0.36404754758087554 0.013940441042065004
423 3 1.8 -0.19128901125783082 0.29145412601655729 -0.0013965824303282105
424 3 1.8 -0.19702622263808217 0.38890451577618967 0.048964002146385563
425 3 1.8 -0.20269548091682793 0.23716107661823471 0.053359507599226488
426 3 1.8 -0.17079340210640384 0.38473895757187593 0.098489948434369132
427 3 1.8 -0.26111880801531429 0.23722400771727054 0.15892121165084039
428 3 1.8 -0.14382449568997377 0.34048370982662834 0.10029854855799784
429 3 1.8 -0.31613999778106183 0.34846991285786777 0.15039293900456444
430 3 1.8 -0.15168997573383375 0.29652192099403768 0.051058618490045497
431 3 1.8 -0.27766405186629134 0.36914931823067409 0.041727655856244605
432 3 1.8 -0.17450457993359822 0.32878173438876634 0.014837583277021383
433 3 1.8 -0.22725556388776494 0.37017528967164182 -0.0068069113494811902
434 3 1.8 -0.1883452220753605 0.32352385048835292 0.0093151075786859702
435 3 1.8 -0.20726983830926379 0.35308650255380464 -0.01000878044232215
436 3 1.8 -0.20341640676672088 0.34978930150582022 0.0080665848084001384
437 3 1.8 -0.18419483552176683 0.31218559278489838 -0.0070379178418579474
438 3 1.8 -0.21878421041148893 0.3759586584897241 0.034481879433917513
439 3 1.8 -0.15854078047553002 0.2590375143785445 0.038007669451573432
440 3 1.8 -0.2237246269468956 0.38441921619890868 0.096883391692207638
441 3 1.8 -0.15049408907380049 0.23027352449095759 0.17870895738273823
442 3 1.8 -0.19753334193054517 0.34066911028505165 0.14433746001288114
443 3 1.8 -0.21178468313429238 0.34862388179371151 0.27576841405530905
444 3 1.8 -0.17045887304600763 0.27653546719275462 0.099472929836909765
445 3 1.8 -0.26376649720197581 0.42158287449523191 0.14990604882142036
446 3 1.8 -0.17394512562309092 0.30732595712679434 0.036670447300315739
447 3 1.8 -0.23850273669449371 0.41135639037494437 0.024027561149305616
448 3 1.8 -0.19174605792395963 0.30999802406015953 0.01496813871250878
449 3 1.8 -0.20374737817396349 0.37770589169846197 -0.0024235420789026334
450 3 1.8 -0.19975143368181472 0.3345944454157545 0.0038112974793864259
451 3 1.8 -0.18862429508448386 0.33733837652010451 -0.012413560867912132
452 3 1.8 -0.21662872198616634 0.35444230059349163 0.012803929657728801
453 3 1.8 -0.158380647714738 0.30463498536640415 0.0041484530990070932
454 3 1.8 -0.24017673062630732 0.3639572309452756 0.047306385310271433
455 3 1.8 -0.10447481053961641 0.28554789780159062 0.072969270055046928
456 3 1.8 -0.24966944648257075 0.34081206198450198 0.097478118235312716
457 3 1.8 -0.079563560556273297 0.3542373109388447 0.1795103114327174
458 3 1.8 -0.22341910728096026 0.2770972338490752 0.098259135970952025
459 3 1.8 -0.14079466660378515 0.42900231271155148 0.15923107568284886
460 3 1.8 -0.19662710279245488 0.29544776341268908 0.049708621584952692
461 3 1.8 -0.19909564520317971 0.44387926528064886 0.053069747372258232
462 3 1.8 -0.20032020716512064 0.31058238464277188 0.014867794029075548
463 3 1.8 -0.18890715255171811 0.37990608990888586 -0.0020782530559551016
464 3 1.8 -0.1955523526379111 0.32875611995053527 0.0029425298065917822
465 3 1.8 -0.19466961520817186 0.34907698784930374 -0.014201326123399444
466 3 1.8 -0.20268052108329532 0.34210642563760041 0.002215052985875906
467 3 1.8 -0.18118174934915074 0.32971035880286453 -0.012375515693839604
468 3 1.8 -0.22033771544451039 0.34822206337440853 0.01280082345832712
469 3 1.8 -0.14805796309093958 0.32264939254715191 0.0041580788468459588
470 3 1.8 -0.24004604039765751 0.34066873473473186 0.035078322203528543
471 3 1.8 -0.10859686750453706 0.34688072098197403 0.038707108457309812
472 3 1.8 -0.24031365862799528 0.29763484354215541 0.048741847679239544
473 3 1.8 -0.11158981883228407 0.37839806819054056 0.053398495899094907
474 3 1.8 -0.21869298903153864 0.30842940077389719 0.035655096270646648
475 3 1.8 -0.15588130381669424 0.41751793424023725 0.027838645559929695
476 3 1.8 -0.20351091471522981 0.32482275698559859 0.0091707686367752898
477 3 1.8 -0.18423535571297714 0.35783105683086319 -0.0095916413007522613
478 3 1.8 -0.19156349351575638 0.33558838695899373 0.004405744892487711
479 3 1.8 -0.20095405398021574 0.34108102437958865 -0.013915293732679296
480 3 1.8 -0.18764044107155822 0.34255893730878839 0.0029141516991115419
481 3 1.8 -0.20473182956348382 0.33168821429657358 -0.014273421985788581
482 3 1.8 -0.19479654951285563 0.34348073747420882 0.0037797638280877644
483 3 1.8 -0.19154745061071787 0.33247138390153269 -0.012477620103797712
484 3 1.8 -0.20978781118323075 0.34039743439556064 0.0086373159861550548
485 3 1.8 -0.1675462541900346 0.34252605272359937 -0.0064497981902533336
486 3 1.8 -0.22068395287994017 0.31314297213728448 0.013699577239988695
487 3 1.8 -0.15305048064183263 0.34133879164394271 -0.0015544419418452938
488 3 1.8 -0.21706288807983817 0.33004730754311151 0.013772803677302079
489 3 1.8 -0.16250516228915191 0.37575965892086827 -0.0036632383260514164
490 6 1.8 0.39373368429626027 -0.013610428197965553 -0.054241395953647138
491 3 1.8 0.38962392789750594 -0.01131637735281291 0.041058492278024758
492 6 1.8 0.38624834597753982 -0.02405309400543125 -0.067751729318748857
493 3 1.8 0.39055133445783735 -0.0064608115085263177 0.043190660590414889
494 6 1.8 0.3640537807535722 -0.047872740758234132 -0.095722779390051596
495 3 1.8 0.3927582011358729 -0.0053101504641058315 0.047031127312305555
496 6 1.8 0.3252612817154783 -0.043327958025655471 -0.11486478318410925
497 3 1.8 0.39469613725837965 -0.0059943896104383537 0.048874151692741043
498 6 1.8 0.34999113127455722 -0.0060361398435081672 -0.095514593469786066
499 3 1.8 0.39469585653484129 -0.0077682974245337393 0.046777571932805496
500 6 1.8 0.38332072846584264 -0.010642551991759525 -0.066666304081662825
501 3 1.8 0.39267092305953144 -0.018039976446521007 0.043945817975972808
502 6 1.8 0.39414463705275532 0.0067582954243033452 -0.055283829882050405
503 3 1.8 0.39045504428653027 0.0019507186746841253 0.03992267354827414
504 6 1.8 0.38869173637911747 -0.017061282309710511 -0.054165124952897194
505 3 1.8 0.39103872916258486 -0.011525326445697925 0.041039922268424893
506 6 1.8 0.38727558982746291 -0.035073661268722765 -0.072555326220246893
507 3 1.8 0.39012929338285401 -0.0055577276672911791 0.04368866340696128
508 6 1.8 0.36802219188618068 -0.097819471570070468 -0.14760418486855387
509 3 1.8 0.39123870338951322 -0.0033837602829474758 0.051446510942009346
510 6 1.8 0.18312357935570253 -0.33270125485983293 -0.30414833824380161
511 3 1.8 0.39390875756462079 -0.0040133195358061239 0.058281908205076373
512 6 1.8 0.014067120712748753 -0.00076004763055191561 -0.30243253466764897
513 3 1.8 0.3960257667870411 -0.0071877839374596625 0.057963795671961839
514 6 1.8 0.32304193657639169 0.014098874645492317 -0.1453427621250008
515 3 1.8 0.39556555656489945 -0.018898986841068298 0.051979149012812823
516 6 1.8 0.37737458761909853 0.01006154592134367 -0.072684915546897211
517 3 1.8 0.3932707564837068 0.00093308537728678911 0.042966399730995232
518 6 1.8 0.38083419063534807 -0.0090655081010471861 -0.066997089956467554
519 3 1.8 0.39205567500300847 -0.013519889030408721 0.043616877933873525
520 6 1.8 0.3924688823714812 -0.033406040631312715 -0.067851480099207981
521 3 1.8 0.38980340432003557 -0.0068381528249449805 0.043201931044907133
522 6 1.8 0.39264855312152414 -0.11978687450782685 -0.14814034028987091
523 3 1.8 0.38872915424052396 -0.0035604889412628139 0.051481849978986541
524 6 1.8 0.29715180712490608 -0.57922677464554406 -0.55794606821328074
525 3 1.8 0.38982566436325683 -0.0031211124170088737 0.06293331454748749
526 6 1.8 0.25298533780651744 0.085350649600684447 -1.702657858833631
527 3 1.8 0.3927137958642053 -0.0066484550239002578 0.068211242288900312
528 6 1.8 -0.019071488590499081 0.21729862169132014 -0.5463132530048127
529 3 1.8 0.39471100545784715 -0.020018700704080756 0.063388260436535213
530 6 1.8 0.32888878674645844 0.04501699417145507 -0.14681559711256814
531 3 1.8 0.39418946571170088 -0.0012096534529492449 0.050534194954125373
532 6 1.8 0.3677037415418295 0.022191368484061398 -0.094989381285794122
533 3 1.8 0.39182159319864784 -0.015924670377346815 0.047302973675507842
534 6 1.8 0.39308576005380724 -0.017106177909339514 -0.062085421322846418
535 3 1.8 0.38999115318244937 -0.0093037854487202053 0.042370466370640923
536 6 1.8 0.42263004023214912 -0.070747373998577681 -0.096372473322564267
537 3 1.8 0.38761817139865851 -0.0057000739729903844 0.047102961136338474
538 6 1.8 0.64211660525661263 -0.46558040446704668 -0.30813787058109793
539 3 1.8 0.38607690456534932 -0.0041907063305556946 0.058392752038126779
540 4 2.3999999999999999 0.0023229747790806145 0.11677606440988857 -1.7929435466191903
541 3 1.8 0.3869526690461938 -0.0066388032230238585 0.068293859090626421
542 6 1.8 0.17589817115641784 -0.054201048916475404 -1.7037779987541726
543 3 1.8 0.3897828021269662 -0.020489929767306968 0.069064379250425884
544 6 1.8 0.1938281712060782 0.32629875022162397 -0.30308582544959212
545 3 1.8 0.3919261530417934 -0.0029790954672203403 0.05737338210509102
546 6 1.8 0.38773807928154719 0.062540938679403121 -0.11459954117112144
547 3 1.8 0.39017478664760696 -0.016875408818403888 0.049136466369377664
548 6 1.8 0.39073296240232486 0.00025985109314590062 -0.061770749622363542
549 3 1.8 0.39027631246297378 -0.01109136320095613 0.041992441133773893
550 6 1.8 0.40921541854451149 -0.024897117787868087 -0.061895303842135548
551 3 1.8 0.38859126685822282 -0.008005531951939775 0.042199081280210875
552 6 1.8 0.48736653355736631 -0.064798701816755719 -0.11619684748904956
553 3 1.8 0.38599162366142797 -0.0062109217547268855 0.048995499006937941
554 6 1.8 0.91207059512462874 0.0013213910473276645 -0.30838188420375318
555 3 1.8 0.384284867685874 -0.0071675534727398439 0.058129403311879581
556 6 1.8 0.83980707473491245 0.34810187867476494 -0.55720270991013932
557 3 1.8 0.38517453545008129 -0.019815570124906551 0.063523252138590447
558 6 1.8 0.56849706637907205 0.34619919559552181 -0.30504676419442978
559 3 1.8 0.38800817768367951 -0.0027964595215518393 0.057428153267022358
560 6 1.8 0.41134995553345355 0.031019502382413001 -0.095405247144644559
561 3 1.8 0.38860241751463659 -0.015545912343422364 0.047346617796998773
562 6 1.8 0.39214123346574481 0.0036722667194108815 -0.061782384984400501
563 3 1.8 0.39039808316517044 -0.010884961341609775 0.041990469339010468
564 6 1.8 0.39443718251506216 -0.011027272222055354 -0.052261807967578601
565 3 1.8 0.39051614756011716 -0.0088359715117224923 0.040190338695222316
566 6 1.8 0.413839474124641 -0.01698919759465187 -0.061842465627005995
567 3 1.8 0.38883448030359735 -0.007571222106489194 0.042252293130795829
568 6 1.8 0.46031595088348809 -0.0056517405105325881 -0.096580108454431171
569 3 1.8 0.38635154378484937 -0.0077533369216632904 0.04689304673673432
570 6 1.8 0.48799104299733181 0.035981170249460827 -0.14748017861222862
571 3 1.8 0.38499593829584072 -0.018651974903989496 0.052125711755234616
572 6 1.8 0.45687163515874751 0.066817471862337108 -0.14841751103256595
573 3 1.8 0.38611718353284952 -0.00080552818977722401 0.050645436288421865
574 6 1.8 0.40177915309974099 -0.0003245492264467538 -0.06727818307822532
575 3 1.8 0.38851323333885562 -0.013049194969873551 0.043664101455891745
576 6 1.8 0.38975148015619621 -0.0082079887252609774 -0.062048855022101702
577 3 1.8 0.39055459417293575 -0.0088369667568717475 0.042361812833368345
578 6 1.8 0.38069351826435471 -0.016294054042304853 -0.061625606489607868
579 3 1.8 0.39224975179736843 -0.0076982804924060145 0.042148410018098575
580 6 1.8 0.38295794234824759 -0.013491563732471099 -0.06156113215630564
581 3 1.8 0.39236762827393956 -0.007476683362890397 0.042203593939573472
582 6 1.8 0.39912472603769478 -0.0068140521645123353 -0.062137724065028349
583 3 1.8 0.3906767212733287 -0.0079955178144991267 0.042318618299846289
584 6 1.8 0.41287756587287677 -0.0069930031502751476 -0.067047110746336069
585 3 1.8 0.38838881871304143 -0.017932394608667298 0.044004308025493703
586 6 1.8 0.41180236258154679 0.018550997754909964 -0.073202483311002028
587 3 1.8 0.38746272575549051 0.001252531326821267 0.043045055936699952
588 5 -1.2 -0.033735334764729549 -0.24993971596885084 -3.1046629240416346
589 5 -1.2 -0.052148979510475056 -0.2606933751817882 -3.106354713766406
590 5 -1.2 -0.041739908882688248 -0.25054452488971257 -3.1024652988014192
591 5 -1.2 -0.044365633379883175 -0.24868697837450499 -3.104081062845641
592 5 -1.2 -0.052800683358688129 -0.25855232280079804 -3.1042667157452821
593 5 -1.2 -0.034598407398740011 -0.24183940426006945 -3.1059944894538982
594 5 -1.2 -0.060032400490832499 -0.25948963267766789 -3.1055516752927885
595 5 -1.2 -0.029046132315607442 -0.24163496521249178 -3.1073981882588124
596 5 -1.2 -0.056315827320002322 -0.2542691879267307 -3.1039720068270116
597 5 -1.2 -0.033890115588590716 -0.24735641709046444 -3.1058902811663112
598 5 -1.2 -0.044180162012718134 -0.25319687192233375 -3.1016990127070372
599 5 -1.2 -0.045343874572825217 -0.25705037802294983 -3.1039023421206711
600 5 -1.2 -0.034126880040081506 -0.23082824413754718 -3.0996938815994413
601 5 -1.2 -0.053152994251694605 -0.24201849227793529 -3.1017824085126384
602 5 -1.2 -0.043453901958983673 -0.25509422994039743 -3.1021840431407446
603 5 -1.2 -0.043738401368309865 -0.25479312979421159 -3.103488177399258
604 5 -1.2 -0.043056872648370326 -0.26058093680912259 -3.102441900614834
605 5 -1.2 -0.042819384645713311 -0.23879715843195989 -3.1041069793996141
606 5 -1.2 -0.053343515271524512 -0.27499297550773144 -3.1120726250010593
607 5 -1.2 -0.033149508937121736 -0.22699639975810834 -3.1133793204345896
608 5 -1.2 -0.072651172213398174 -0.2782897915099975 -3.1247880597692599
609 5 -1.2 -0.016882631655505072 -0.22577841371969412 -3.1251223811491231
610 5 -1.2 -0.08264548085692773 -0.2620339803220269 -3.1249096976881598
611 5 -1.2 -0.0096027392669678375 -0.24171314442752678 -3.124053828059163
612 5 -1.2 -0.070877182531962651 -0.25119897199238667 -3.1119382612944579
613 5 -1.2 -0.021028687898721938 -0.25860233203174515 -3.1111244065070287
614 5 -1.2 -0.053482379573925432 -0.23038605026638259 -3.1003031086802788
615 5 -1.2 -0.035980205200878662 -0.24101935117553194 -3.1007186271720135
616 5 -1.2 -0.053031155896991145 -0.24901745367367101 -3.1051356084897916
617 5 -1.2 -0.03517510294493862 -0.25876940649110258 -3.1055699308321567
618 5 -1.2 -0.042963892501015115 -0.26003729977676487 -3.102304704671575
619 5 -1.2 -0.042890573058057706 -0.23763595506600496 -3.1043881281767796
620 5 -1.2 -0.042453386981998409 -0.28360805440897635 -3.1166669881221827
621 5 -1.2 -0.041477313174350036 -0.21791994816699212 -3.1188424163825195
622 5 -1.2 -0.060495353943647572 -0.30284549688217938 -3.1528666228508286
623 5 -1.2 -0.025508607354320988 -0.20559864702654532 -3.150159083630697
624 5 -1.2 -0.094782237730697369 -0.28061068759095575 -3.1811104627950808
625 5 -1.2 -3.5413532103457549e-05 -0.2285986276837125 -3.1707687218965228
626 5 -1.2 -0.097927850091289265 -0.24400852019674038 -3.1533050108738863
627 5 -1.2 0.0017650482815294846 -0.2650524547867058 -3.1447889994362033
628 5 -1.2 -0.073021605147197952 -0.2185203553330532 -3.1152905475891504
629 5 -1.2 -0.018428888926088637 -0.25019762818578883 -3.1125331735266504
630 5 -1.2 -0.059566740792695236 -0.23282447176078067 -3.11466362405013
631 5 -1.2 -0.028581272350290943 -0.27221412080693025 -3.1139443827472917
632 5 -1.2 -0.044557673082378173 -0.2493519050834325 -3.1022461482411985
633 5 -1.2 -0.042044665075065012 -0.24621134049900115 -3.1044872925139471
634 5 -1.2 -0.032237432094272989 -0.27391145818171081 -3.111006715157711
635 5 -1.2 -0.05174064859322073 -0.22410861077543093 -3.1156989098688479
636 5 -1.2 -0.023624534171937883 -0.30224689174839081 -3.1515334686681724
637 5 -1.2 -0.054882814055915503 -0.20310034228881108 -3.1543640511594266
638 5 -1.2 -0.041476236243833342 -0.29522211263857856 -3.2276534084099908
639 5 -1.2 -0.037408866325924814 -0.21860959864477181 -3.2087947283798295
640 5 -1.2 -0.080802365698750683 -0.23203924221762431 -3.2280020170009682
641 5 -1.2 -0.010739845151143481 -0.27341856576068035 -3.2012546368925943
642 5 -1.2 -0.079094562996528381 -0.19339820601957899 -3.1510254295528028
643 5 -1.2 -0.011658368861391417 -0.26959106608646499 -3.1426943036688622
644 5 -1.2 -0.052241051263245422 -0.21521280288895722 -3.126848333693224
645 5 -1.2 -0.033748758851590156 -0.28827124599386494 -3.1261979045766322
646 5 -1.2 -0.045906162993114931 -0.23616305261911374 -3.103898440257927
647 5 -1.2 -0.040923153167847198 -0.25877750633405394 -3.1058930387360344
648 5 -1.2 -0.033870678978577921 -0.25736426776744703 -3.103197995572756
649 5 -1.2 -0.052773391838969785 -0.23909086810250768 -3.1079887530919521
650 5 -1.2 -0.013488620422671094 -0.27717412935585578 -3.1223884205164705
651 5 -1.2 -0.070053711631779078 -0.22213848276818465 -3.1310866551502059
652 5 -1.2 0.010026830411314162 -0.28031182431563162 -3.178040625000365
653 5 -1.2 -0.08330910507853817 -0.22714628418832439 -3.181592795493879
654 5 -1.2 -0.0028641851594578172 -0.23245091445020433 -3.2262762129710918
655 5 -1.2 -0.067745550922168829 -0.27552839935920198 -3.2077920612231372
656 5 -1.2 -0.042094138894523764 -0.1758635825423697 -3.1776418377437974
657 5 -1.2 -0.040376609479567151 -0.28398274491576664 -3.1677826362730466
658 5 -1.2 -0.033284637186914101 -0.21580550633258314 -3.1264550604318182
659 5 -1.2 -0.050851692731612302 -0.28971296488177123 -3.1269986814318509
660 5 -1.2 -0.043189391650306101 -0.23035110678014017 -3.1052577813115287
661 5 -1.2 -0.043215370907212503 -0.26566052550889224 -3.1071902192927938
662 5 -1.2 -0.040420418426996431 -0.24731333650098622 -3.099915767386983
663 5 -1.2 -0.047305482422422274 -0.24998477622177517 -3.1032718447265548
664 5 -1.2 -0.027601123815862098 -0.2587662684561331 -3.1040747291218826
665 5 -1.2 -0.06057338276782228 -0.2397981891516657 -3.1102618643105391
666 5 -1.2 -0.0046599818701748737 -0.26175320762902604 -3.1221200606934705
667 5 -1.2 -0.0805593330715762 -0.24079178049508809 -3.1308019905317348
668 5 -1.2 0.011764665322002847 -0.2447489884804592 -3.150283780951729
669 5 -1.2 -0.08934384260309676 -0.26780563499799831 -3.1532168717681688
670 5 -1.2 -0.0061246767457315381 -0.19449577906555474 -3.1493333826089538
671 5 -1.2 -0.072510334456471356 -0.27317729271021146 -3.1469456135634193
672 5 -1.2 -0.026656433168462688 -0.23406633760423662 -3.1139207335702013
673 5 -1.2 -0.057724827463060249 -0.27501350890491882 -3.115336976189476
674 5 -1.2 -0.040501879054084373 -0.23710035179087349 -3.103986940738082
675 5 -1.2 -0.045656966700253404 -0.26068418731488879 -3.105766920276003
676 5 -1.2 -0.046789517973001765 -0.24779545841982983 -3.1003144707385597
677 5 -1.2 -0.040870903346686263 -0.25100220818376623 -3.1026082374253625
678 5 -1.2 -0.044022237041589148 -0.25345141985109138 -3.0999134587407808
679 5 -1.2 -0.044968433620979305 -0.24609869567774814 -3.1032432386331883
680 5 -1.2 -0.032062615424604389 -0.25416744806558705 -3.1029935002097027
681 5 -1.2 -0.057109419412209414 -0.24709553909100304 -3.1077525982274468
682 5 -1.2 -0.017027918004918794 -0.25166076507208368 -3.1101333050333508
683 5 -1.2 -0.069478308726168142 -0.2598546030292842 -3.1148212498457553
684 5 -1.2 -0.013811471120548055 -0.21965689073128625 -3.1136359727991265
685 5 -1.2 -0.069648186437436324 -0.25317222544629492 -3.1158968817172989
686 5 -1.2 -0.20062832144140044 -0.16390007451857172 3.1630121455039948
687 5 -1.2 -0.1987936094265369 -0.1623145663894259 3.0891410617147579
688 5 -1.2 -0.19951160276905716 -0.15820710321580522 3.1624579792449259
689 5 -1.2 -0.19898081350325145 -0.15845211072647364 3.0881615111518661
690 5 -1.2 -0.19805264377126319 -0.15639297065439259 3.1673254966154687
691 5 -1.2 -0.19940467630764486 -0.15881691590098759 3.087554976256488
692 5 -1.2 -0.19667090702868711 -0.15708356017699862 3.171557324003357
693 5 -1.2 -0.19975228819616883 -0.1589083381136073 3.087224957897484
694 5 -1.2 -0.20055906165099746 -0.16022212900820471 3.1671874078348266
695 5 -1.2 -0.19974881828466451 -0.15887238001659024 3.0874525451290427
696 5 -1.2 -0.20410652039292237 -0.1650650550009371 3.1630782318139592
697 5 -1.2 -0.19937997606793165 -0.16241794285838348 3.0885805571560008
698 5 -1.2 -0.20275563154692616 -0.15009491797676303 3.1590942894737406
699 5 -1.2 -0.19887287651095112 -0.14693843143574126 3.0850344653373742
700 5 -1.2 -0.20025238810031581 -0.1617399781979984 3.1555255829166704
701 5 -1.2 -0.19919213781314538 -0.1623573122579357 3.0903680156169546
702 5 -1.2 -0.19854449205973371 -0.15639449366820499 3.1624808506435511
703 5 -1.2 -0.19900927783859923 -0.15870878581991305 3.0883717321709288
704 5 -1.2 -0.19778588204890113 -0.15362603216824547 3.1912601935649798
705 5 -1.2 -0.19923661621703281 -0.15924236330228983 3.0852910720464108
706 5 -1.2 -0.18969975874820513 -0.14536847589421631 3.2414545234749563
707 5 -1.2 -0.19973127150538822 -0.15932897729113751 3.0826860703203125
708 5 -1.2 -0.18463982202005091 -0.16296010059173685 3.2404032800865936
709 5 -1.2 -0.20011166193552293 -0.15905238712681119 3.0827013798435488
710 5 -1.2 -0.20080807634312889 -0.16675685511180691 3.1904808136769174
711 5 -1.2 -0.20004753724965105 -0.16233526357253444 3.0859780961474903
712 5 -1.2 -0.20189029703527112 -0.14757272606353952 3.1585542577706098
713 5 -1.2 -0.19954868617478297 -0.14681791602249228 3.0851119277327008
714 5 -1.2 -0.1999667210348996 -0.15960268262812707 3.1626440063228958
715 5 -1.2 -0.19952094658951619 -0.16203677887805726 3.0892042155990982
716 5 -1.2 -0.19820455760799952 -0.1536060158405631 3.1626549712182137
717 5 -1.2 -0.19905808803692882 -0.15854642108102912 3.0883573933730535
718 5 -1.2 -0.19377037297209759 -0.15119282196370168 3.2086131171895045
719 5 -1.2 -0.19888670982302292 -0.15932179306701086 3.0841473363429897
720 5 -1.2 -0.21307753347226435 -0.16750824721873539 3.398005005826076
721 5 -1.2 -0.19915500976663769 -0.1596192547536576 3.0786305116971788
722 5 -1.2 0.13917472282306315 0.024277835860529395 4.0561885062152205
723 5 -1.2 -0.19972542854702374 -0.159277037283166 3.076070742193481
724 5 -1.2 -0.23111543706284543 -0.18361720598394371 3.389460872399249
725 5 -1.2 -0.20009549502436863 -0.16223807437354787 3.0794613008654492
726 5 -1.2 -0.20289803596330791 -0.14458574325225138 3.2018936879766744
727 5 -1.2 -0.19989086400743875 -0.14648913870936112 3.0811693024405811
728 5 -1.2 -0.19592250714638978 -0.15880749410112854 3.1904935336911207
729 5 -1.2 -0.19957007893696299 -0.16156796002669441 3.0863040045604211
730 5 -1.2 -0.19916507703982009 -0.15267877978963729 3.1626824106106248
731 5 -1.2 -0.19914516509496907 -0.15808861414267136 3.0881357410969308
732 5 -1.2 -0.19783292684983148 -0.14243640190999987 3.1931564417079015
733 5 -1.2 -0.19868418343419408 -0.15897500391579264 3.0851764452854384
734 5 -1.2 -0.15704540274461887 -0.13148087377487103 3.4096516027498276
735 5 -1.2 -0.19844909724327647 -0.15951393516082013 3.0785153592588377
736 5 -1.2 0.11901647211642234 -0.52509095282565044 5.6157281850269722
737 5 -1.2 -0.19870808615383156 -0.15936516907626663 3.0727709511130019
738 5 -1.2 -0.5508719376339154 0.13903996771306001 5.4454744521959135
739 5 -1.2 -0.19929832167509867 -0.16219333257357033 3.0736026942224148
740 5 -1.2 -0.19473176203988035 -0.10915175924805967 3.3842444036134096
741 5 -1.2 -0.19959126629971402 -0.14615811163239845 3.0756979839218204
742 5 -1.2 -0.18817982264682215 -0.17313080940193148 3.2399828947075702
743 5 -1.2 -0.19922323949255583 -0.16129288056996433 3.0837158434062233
744 5 -1.2 -0.19839534074278528 -0.15640132903145978 3.1672023399830724
745 5 -1.2 -0.19917818402563464 -0.15768011570255616 3.087691218726456
746 5 -1.2 -0.20379640934831345 -0.14881952218394001 3.1684876687923533
747 5 -1.2 -0.19881517192595305 -0.15849083609539766 3.087424888688997
748 5 -1.2 -0.22209788034733829 -0.12212497508521067 3.2488979217195375
749 5 -1.2 -0.19829366986108038 -0.15909968053449636 3.0824473323031505
750 5 -1.2 -0.64882659575763546 0.092318301034357009 4.1466522863257911
751 5 -1.2 -0.19798529249855787 -0.15923029160952687 3.075819066373318
752 5 -1.2 0.26596824596401147 -0.13299554116649365 5.5237453403663919
753 5 -1.2 -0.19823222457328771 -0.16225682309168002 3.0734664977110921
754 5 -1.2 -0.19342652444226929 -0.46435121457097778 3.9854918598687221
755 5 -1.2 -0.19874966693566737 -0.146097563306259 3.0730014853525103
756 5 -1.2 -0.20582693800817983 -0.17727983710304271 3.2404211812804653
757 5 -1.2 -0.19873757258138985 -0.16145126590207493 3.0836726196976505
758 5 -1.2 -0.19916759720771368 -0.16131447082395933 3.1713260834888239
759 5 -1.2 -0.19909101082626457 -0.15762624950360038 3.0874337051476233
760 5 -1.2 -0.2021824838692873 -0.15574040686941573 3.1570817447205055
761 5 -1.2 -0.19909891259046958 -0.15824232871759622 3.0890858915683923
762 5 -1.2 -0.21184884754719788 -0.15122467723375543 3.1733653256005057
763 5 -1.2 -0.19873695576536241 -0.15873107956391835 3.0870510151821544
764 5 -1.2 -0.24183988025194805 -0.15726027295246928 3.2482234816817335
765 5 -1.2 -0.19819665055090271 -0.15899678442857559 3.0824195446677161
766 5 -1.2 -0.20211218071828818 -0.21102237216956074 3.4056929610593829
767 5 -1.2 -0.19791913944758624 -0.16237562514075593 3.0791802163088393
768 5 -1.2 -0.1999093396394219 -0.1321486247955066 3.3890986397760865
769 5 -1.2 -0.19811372474624392 -0.14638806592013118 3.0755319156390235
770 5 -1.2 -0.20281539823824535 -0.16611642478268004 3.1912721354846396
771 5 -1.2 -0.1985627832961448 -0.16191968520328107 3.0862147946605636
772 5 -1.2 -0.20046755356692653 -0.16045723087713859 3.1671526468806852
773 5 -1.2 -0.19899333717720238 -0.15797048813013226 3.0877055077866022
774 5 -1.2 -0.20003489466901891 -0.1580326571997196 3.1567721871071504
775 5 -1.2 -0.19932972285015405 -0.15838486172026467 3.0891391140259556
776 5 -1.2 -0.20309029245074495 -0.15730294034325112 3.1570853560369181
777 5 -1.2 -0.19933774061414747 -0.15866000590248042 3.0890282802752926
778 5 -1.2 -0.20982438539484974 -0.15941404937336967 3.1682931835668908
779 5 -1.2 -0.19898083386163959 -0.15884848959695017 3.0873368361197095
780 5 -1.2 -0.21227115495411908 -0.1713233702309204 3.1931284501251795
781 5 -1.2 -0.19849934050018256 -0.16244096151085041 3.0857744263122364
782 5 -1.2 -0.20291739350776289 -0.1551437087313792 3.2042787643135888
783 5 -1.2 -0.198234062223031 -0.14676695266128331 3.0809805210773273
784 5 -1.2 -0.20291820005119054 0.17201677567842702 -3.210963424882523
785 5 -1.2 -0.19850912927032627 0.16955136428373302 -3.269104758564302
786 5 -1.2 -0.19116978585204189 0.18668858039560784 -3.2069178235114286
787 5 -1.2 -0.20076315736296022 0.16883015799980786 -3.2709867018862786
788 5 -1.2 -0.17127509372720928 0.19581254191116315 -3.2022776659039689
789 5 -1.2 -0.20330561732512309 0.16815778012985375 -3.2726413840422834
790 5 -1.2 -0.16578049501659387 0.18139362514771504 -3.2022036946156356
791 5 -1.2 -0.20417602372453761 0.169369469361173 -3.2726771563769392
792 5 -1.2 -0.18674847892709356 0.16903883584781573 -3.2066346409255924
793 5 -1.2 -0.20249609560792722 0.17163411187990707 -3.2708389792235764
794 5 -1.2 -0.20323652398515507 0.15520048057784852 -3.208443705353381
795 5 -1.2 -0.19962334084797764 0.16178985198666138 -3.2665660483847012
796 5 -1.2 -0.20760867553387183 0.17363006954382024 -3.2139832043414125
797 5 -1.2 -0.19802496127099561 0.1793259823690754 -3.2702628827811133
798 5 -1.2 -0.19929560308276068 0.17949373386465989 -3.2122392509198217
799 5 -1.2 -0.19943475045880146 0.16842993907009354 -3.2685230717418969
800 5 -1.2 -0.19213315865060412 0.20621887559818772 -3.2012298665399599
801 5 -1.2 -0.20001206365491861 0.16647437698419082 -3.2725589173821952
802 5 -1.2 -0.15324409402930875 0.26199764124479036 -3.1833948399564513
803 5 -1.2 -0.20275116590657719 0.16516453589426985 -3.2781241638745384
804 5 -1.2 -0.050787233090871887 0.25248996579299543 -3.1839311210164989
805 5 -1.2 -0.20587051055156758 0.16737925687192864 -3.2809752907308809
806 5 -1.2 -0.10460418272817931 0.1592452993062719 -3.1818611544489155
807 5 -1.2 -0.20650691862479473 0.17163340342260122 -3.2780262398942064
808 5 -1.2 -0.17321922960765401 0.14880372995198474 -3.1974128827448092
809 5 -1.2 -0.20411096029925327 0.16263958651305957 -3.269857216976412
810 5 -1.2 -0.19501164211039004 0.17592800838069278 -3.213704214966135
811 5 -1.2 -0.20114507114378116 0.17947133203586269 -3.2703122643156735
812 5 -1.2 -0.19640420634013997 0.17621800851157085 -3.2109881342167981
813 5 -1.2 -0.20035940642112227 0.16984277119162727 -3.269111171883174
814 5 -1.2 -0.20173156579616774 0.21130788552153162 -3.2019338741600323
815 5 -1.2 -0.198599505070334 0.16663123038820726 -3.2725110383249834
816 5 -1.2 -0.18527340975833428 0.32019012032155059 -3.1708339495313442
817 5 -1.2 -0.19916193419446304 0.16379833024671858 -3.2808047672893395
818 5 -1.2 -0.076002800026972461 0.92055810611847888 -3.4552556507221293
819 5 -1.2 -0.20235938686677998 0.16554338003874008 -3.2887932427065318
820 5 -1.2 0.57158141044773758 -0.17270711529291979 -3.5086561630003859
821 5 -1.2 -0.20571071431577703 0.17160513845031225 -3.2886739897060511
822 5 -1.2 -0.088642219069729508 0.097192128737949676 -3.1613934105003398
823 5 -1.2 -0.20585200547149143 0.16460999880323549 -3.2781720429822059
824 5 -1.2 -0.17581799150715688 0.1619012507469216 -3.2017044004236808
825 5 -1.2 -0.20336378231194022 0.18171680418335751 -3.2741427590063523
826 5 -1.2 -0.19061245557281362 0.16038768331613643 -3.2065363235075548
827 5 -1.2 -0.20084074332613736 0.17280909904879879 -3.2707252974593093
828 5 -1.2 -0.20853875369455055 0.19452138621448423 -3.2078904719179748
829 5 -1.2 -0.19803767547785991 0.16917803187595573 -3.2708875363014314
830 5 -1.2 -0.24404073285120198 0.28703706599114187 -3.1897506853984758
831 5 -1.2 -0.19578638836098949 0.1653865872031485 -3.2779507420093901
832 5 -1.2 -0.27833114601102527 1.1407886376097907 -3.5968069584028193
833 5 -1.2 -0.19587251980048401 0.16559979355998736 -3.2886547783704216
834 5 -1.2 0.11103330365506964 -0.0051030983923205297 -4.0591950994857795
835 5 -1.2 -0.19906636320119375 0.17156683505101022 -3.2940604167358467
836 5 -1.2 0.48799945659651556 -0.3353336306411529 -3.5082361088313605
837 5 -1.2 -0.20235869243114663 0.16639091010462567 -3.2860138733138995
838 5 -1.2 -0.1407908846900276 0.10243832611109026 -3.1835834691329383
839 5 -1.2 -0.20286985049393674 0.18469527783089623 -3.2796533398877523
840 5 -1.2 -0.19125765660800453 0.13567160408948828 -3.2019035247862329
841 5 -1.2 -0.20013140148497829 0.17515706349822077 -3.2723331275621761
842 5 -1.2 -0.20482929369803562 0.17394107400348097 -3.2119108666124281
843 5 -1.2 -0.1986236888723564 0.17206822613994427 -3.2693111171157825
844 5 -1.2 -0.23625025774290473 0.20648819551376688 -3.2048870461730212
845 5 -1.2 -0.19566824337574187 0.1684257294346351 -3.2724443847962998
846 5 -1.2 -0.38489278474940469 0.27849978072262577 -3.2007894246659787
847 5 -1.2 -0.19285209822884 0.16750139964453031 -3.280689662935107
848 5 -1.2 -1.0804311756477427 -0.24475710178045379 -3.5981565888571545
849 5 -1.2 -0.19271468890195964 0.17154492471370203 -3.2884239244890083
850 5 -1.2 -0.79041337605260276 -0.32252555798808835 -3.4555363995875599
851 5 -1.2 -0.19584641242689907 0.16628011952483401 -3.2859022767240864
852 5 -1.2 -0.19534530020680516 0.0083456726629178198 -3.1856215626905695
853 5 -1.2 -0.19927926989342715 0.18603191377291414 -3.2823720758593451
854 5 -1.2 -0.20667087594036615 0.13315553184288359 -3.2020062712184565
855 5 -1.2 -0.19867197644077639 0.17499461734363569 -3.2723232543652077
856 5 -1.2 -0.20076860357213908 0.16441813045997716 -3.2129042682171667
857 5 -1.2 -0.19954056777528148 0.17319470837139375 -3.2687707576882938
858 5 -1.2 -0.21157147428112597 0.17825796722635709 -3.2135080348113774
859 5 -1.2 -0.19810922218114149 0.17050740986871649 -3.2687307109356438
860 5 -1.2 -0.24837291485222732 0.18562588114611389 -3.204916311717728
861 5 -1.2 -0.195085889498846 0.16946326251727831 -3.2724702829270313
862 5 -1.2 -0.32216482181093414 0.15265623196050299 -3.1895863828641353
863 5 -1.2 -0.19251237361417622 0.17156172154617566 -3.2777461249262316
864 5 -1.2 -0.32172656508892744 0.074117810922210994 -3.168106920282574
865 5 -1.2 -0.1927621735977485 0.16436858112640479 -3.2779405034331934
866 5 -1.2 -0.25529851238045886 0.092722322973115875 -3.184949439518717
867 5 -1.2 -0.19582669677157494 0.18442336040941629 -3.2795466285933426
868 5 -1.2 -0.20879226053628155 0.1550297024106127 -3.2066591633971382
869 5 -1.2 -0.19800375732850398 0.17244493384801821 -3.2707094372456562
870 5 -1.2 -0.19678488723385865 0.16961939669641915 -3.2114763994034643
871 5 -1.2 -0.20037907389285639 0.17179391956694473 -3.2693818297606825
872 5 -1.2 -0.19428102930743377 0.17576640951869865 -3.2129350179844542
873 5 -1.2 -0.20117299086294549 0.17039129116812526 -3.2688115347866789
874 5 -1.2 -0.20455037780450541 0.17462741357943257 -3.2119700789083558
875 5 -1.2 -0.19973887913315114 0.17018936987550698 -3.2693778009518577
876 5 -1.2 -0.22423284863652407 0.1680630455591926 -3.2077304650707723
877 5 -1.2 -0.19694198253377326 0.17160330033365265 -3.2707239541136572
878 5 -1.2 -0.23536143683184499 0.14283048827328981 -3.1991324400822632
879 5 -1.2 -0.19495465372714565 0.16245277860043167 -3.2696884195375508
880 5 -1.2 -0.22628034603288708 0.15457511800791751 -3.2027199814235101
881 5 -1.2 -0.19561211206809054 0.18138467495863292 -3.2740218113808965
882 5 -1.2 -0.038784018193177082 0.24908214212243543 3.1273259182604614
883 5 -1.2 -0.044951994264349995 0.25265649576384863 3.0917663044820491
884 5 -1.2 -0.053320865201737365 0.23547454875749768 3.1264101618347939
885 5 -1.2 -0.040416788051199151 0.25773668288504292 3.0895291812675327
886 5 -1.2 -0.074058515015684862 0.22742488285845036 3.1239754891374019
887 5 -1.2 -0.035745729319804555 0.25896345962967571 3.0871183913541413
888 5 -1.2 -0.081614156662928108 0.23845922698292255 3.123912164025838
889 5 -1.2 -0.034753648727117906 0.25633291537781971 3.0873422261477175
890 5 -1.2 -0.065612569549019589 0.25328911802029302 3.1272220102140187
891 5 -1.2 -0.038761244576662246 0.25383834825754931 3.090709451613304
892 5 -1.2 -0.045015511503303199 0.24465775522053823 3.1239043550506933
893 5 -1.2 -0.044118228677717919 0.23791364877983884 3.0883671122497205
894 5 -1.2 -0.035126580539697236 0.26649528067119055 3.127412935776309
895 5 -1.2 -0.046628577090046468 0.25988014785524644 3.0926066697198142
896 5 -1.2 -0.043264683836029952 0.24226473537951876 3.1272590629470991
897 5 -1.2 -0.043287672862568106 0.25554408258150518 3.0924722493686012
898 5 -1.2 -0.049139668230615892 0.2144205427828903 3.1238670563808952
899 5 -1.2 -0.041379887417349659 0.26296802150639009 3.0868974266072997
900 5 -1.2 -0.087491904680322363 0.17491211500086853 3.1055184120591917
901 5 -1.2 -0.035440816197026014 0.26555276828039709 3.0783550120899488
902 5 -1.2 -0.14968453601935 0.19005918702531702 3.0848916808477767
903 5 -1.2 -0.029262169788882384 0.26055618189237584 3.0742448729038618
904 5 -1.2 -0.13479011781575534 0.25260699197082276 3.1045353178971946
905 5 -1.2 -0.029127643737222826 0.25373767455726076 3.080342792685228
906 5 -1.2 -0.08237549778849261 0.25394504349331376 3.1186899469777969
907 5 -1.2 -0.034858638341688147 0.2366057806983779 3.0844569316711024
908 5 -1.2 -0.053186411828782344 0.2675162404853863 3.1268090779143045
909 5 -1.2 -0.040814224408430376 0.26037220395923599 3.0929753118903589
910 5 -1.2 -0.047963673597821332 0.25100458697398609 3.1273229308825452
911 5 -1.2 -0.041685236380370673 0.25360664912661496 3.0917892466178412
912 5 -1.2 -0.035524202811758873 0.2159107887635027 3.1248017037452258
913 5 -1.2 -0.044321926839229406 0.26357127438150546 3.0864518138622379
914 5 -1.2 -0.040374182220960821 0.13125174682288837 3.0863894013512012
915 5 -1.2 -0.042199466792599671 0.26940173254706656 3.0728642016872696
916 5 -1.2 -0.15970358341073601 0.044970824416854203 2.920769086358344
917 5 -1.2 -0.034804680089902625 0.26514866383546287 3.0593461929383503
918 5 -1.2 -0.28120710973252067 0.25161343810123865 2.9178600198804472
919 5 -1.2 -0.028184216124602826 0.25356050147134296 3.0615044603935697
920 5 -1.2 -0.15068979710987726 0.30232066331020607 3.0774436981684805
921 5 -1.2 -0.029471338072637288 0.23229800755057275 3.071710918787399
922 5 -1.2 -0.074691888671652287 0.28884436397966018 3.1222650982044278
923 5 -1.2 -0.035926574806995785 0.25634981379995836 3.0880110346140537
924 5 -1.2 -0.053536548123845479 0.27153314574164339 3.1262090565767546
925 5 -1.2 -0.040605208180474597 0.24801452212911956 3.0896578247506761
926 5 -1.2 -0.033256874194017585 0.23830788107880915 3.1280048211844691
927 5 -1.2 -0.046063299875240542 0.2589897215832026 3.08868806048585
928 5 -1.2 0.0030582235764643156 0.17847599440675196 3.1101037327457965
929 5 -1.2 -0.050056798119378618 0.26664258142553249 3.0765510647751975
930 5 -1.2 0.081039540190314618 0.046887140048817506 2.9274519290819425
931 5 -1.2 -0.049075538893750041 0.26552604715952483 3.0575628452999974
932 5 -1.2 -0.037688381173674089 0.25117593616620054 2.4927665448166767
933 5 -1.2 -0.041615829325334031 0.25336714046470427 3.0493730891498951
934 5 -1.2 -0.15979869005316613 0.4477251226915796 2.9135216098119807
935 5 -1.2 -0.035044695365358446 0.22756615952058601 3.0570169548002766
936 5 -1.2 -0.087529722095540038 0.34191691147678582 3.1037007705996391
937 5 -1.2 -0.035702069039077231 0.24982935325872294 3.0794137705240803
938 5 -1.2 -0.049666677965310171 0.29222715471650129 3.1238279930420605
939 5 -1.2 -0.041728700218909655 0.24273345079709888 3.0871696421360699
940 5 -1.2 -0.03958566825433029 0.25763995193855893 3.1284672745959297
941 5 -1.2 -0.045330431573861601 0.25299906793990812 3.0911453971065339
942 5 -1.2 -0.014454092411596599 0.23034206233925184 3.1275306810860708
943 5 -1.2 -0.051452833259098656 0.26008281658134141 3.0853676733618438
944 5 -1.2 0.06179042748290936 0.19255625150558311 3.0934662864489981
945 5 -1.2 -0.05718878325611422 0.26123178102503725 3.0711364556831007
946 5 -1.2 0.19756049425701352 0.24988419017770983 2.928407977278964
947 5 -1.2 -0.056853031849758671 0.25318228825057942 3.0584349814183751
948 5 -1.2 0.07885107029512646 0.44523206640981949 2.9173857584650857
949 5 -1.2 -0.049368751222112303 0.22694154916527826 3.0557309382860525
950 5 -1.2 -0.041792149807299443 0.38551627745076533 3.0850056880833026
951 5 -1.2 -0.042647921280323672 0.24597231891695126 3.0741872206513299
952 5 -1.2 -0.036504380419537207 0.29110784525792616 3.1240242754009051
953 5 -1.2 -0.044652540233487664 0.24219249223847508 3.0870713417851623
954 5 -1.2 -0.043950139757583682 0.26406622492867332 3.127837422150006
955 5 -1.2 -0.043628830105935247 0.25003044403343827 3.0921846594201181
956 5 -1.2 -0.036325434136028505 0.24901061989193779 3.1289588886524733
957 5 -1.2 -0.047084673027266336 0.25522782050732501 3.0915783632770126
958 5 -1.2 -0.0092234286387667275 0.23958843583337161 3.1276639161447815
959 5 -1.2 -0.053474054913221922 0.25675164764694675 3.0854931459711858
960 5 -1.2 0.044436842911982896 0.25148940415145932 3.1111661746304944
961 5 -1.2 -0.058461022011750415 0.2533813042536544 3.0775552955577403
962 5 -1.2 0.063612993574516552 0.29863953025096873 3.0830527413390034
963 5 -1.2 -0.056903656198710982 0.23113024628863285 3.0693872637727786
964 5 -1.2 0.0022399686524653827 0.33913047682676034 3.1057459962931313
965 5 -1.2 -0.050221084591002559 0.24874110197691576 3.0784301370970768
966 5 -1.2 -0.033183547435640018 0.26909638328996438 3.126452544857607
967 5 -1.2 -0.045992164943336737 0.24681779797394929 3.0895217664668944
968 5 -1.2 -0.048125469694321354 0.25573273859262841 3.1275688567816835
969 5 -1.2 -0.04176182466655888 0.25207769689540477 3.0916836425908283
970 5 -1.2 -0.053256952639805941 0.24803948175659252 3.1278432535445218
971 5 -1.2 -0.040922872392055637 0.25479491089716871 3.0922203498202698
972 5 -1.2 -0.045507429507092176 0.2476569611176074 3.128606116945758
973 5 -1.2 -0.044344106119442478 0.25495260136971809 3.0913067061068267
974 5 -1.2 -0.025600333869416861 0.25296758074053882 3.1290603943158901
975 5 -1.2 -0.049898687245579484 0.2537087205835511 3.0897322230389621
976 5 -1.2 -0.0073254152416013952 0.25206132932650105 3.1214261341929035
977 5 -1.2 -0.052975563850415408 0.23584557749567428 3.0830223786343844
978 5 -1.2 -0.012869490397861146 0.28612855937793819 3.1240669925302114
979 5 -1.2 -0.05101570733336596 0.25514463003529869 3.087021867821826
980 5 -1.2 0.24430137404609278 0.079771470060095537 -3.0605829782754248
981 5 -1.2 0.24061297723121594 0.08193385569861536 -3.1180216043830389
982 5 -1.2 0.23741685013513084 0.067235537147794858 -3.0540970464782098
983 5 -1.2 0.24187887296917557 0.085332932765502412 -3.1192487598746825
984 5 -1.2 0.21419553570360206 0.047752609587069388 -3.0430799417707535
985 5 -1.2 0.24405134425676603 0.086305801297741278 -3.1218830736205936
986 5 -1.2 0.18627441973646425 0.050391960366554994 -3.0363602127226872
987 5 -1.2 0.24560096240452048 0.085443152805491099 -3.1231689541060428
988 5 -1.2 0.19477914215859524 0.075558001961830157 -3.0445554583412244
989 5 -1.2 0.24511008734323589 0.083882011851476104 -3.1221083964894256
990 5 -1.2 0.22215876505219134 0.075910390374763312 -3.0550643280162979
991 5 -1.2 0.24290188547037 0.071671997131983453 -3.1192056797825747
992 5 -1.2 0.23963172566900726 0.095075440105859083 -3.0565126300264622
993 5 -1.2 0.24101289750510996 0.090888039947531793 -3.1136652701134286
994 5 -1.2 0.23762470922810167 0.081300893551937856 -3.060793423364093
995 5 -1.2 0.24192927355553531 0.082224454593409879 -3.1179393831609552
996 5 -1.2 0.24257495411740149 0.059389819004322962 -3.0520720894047937
997 5 -1.2 0.24152695605460867 0.086676573205606192 -3.1197475256294527
998 5 -1.2 0.22040019932469573 -0.007979736000936502 -3.03036605719715
999 5 -1.2 0.24301510660655423 0.088490829766051299 -3.1254058518481393
1000 5 -1.2 0.074287904906264413 -0.10711925169138516 -3.017565897088041
1001 5 -1.2 0.24566652296862385 0.087436367115859087 -3.1304128360946151
1002 5 -1.2 -0.006384715158111033 0.028542471085681261 -3.0208884479803961
1003 5 -1.2 0.24732520958233364 0.084374626894105659 -3.1304399849035529
1004 5 -1.2 0.14702126545778879 0.097329740808989929 -3.0351901279387445
1005 5 -1.2 0.24632712031405896 0.070924730955757714 -3.1248842357586164
1006 5 -1.2 0.21713765156628667 0.10574091272683526 -3.0506274877736081
1007 5 -1.2 0.24391964449850703 0.090260757613104647 -3.1156318143689719
1008 5 -1.2 0.22900377819684542 0.09640813185067236 -3.0555590100285532
1009 5 -1.2 0.24299103575879752 0.080581318392679846 -3.11972213327833
1010 5 -1.2 0.24619621662732452 0.070916163752008377 -3.0529045644170174
1011 5 -1.2 0.24102033360054612 0.085878453653996878 -3.1194821084228526
1012 5 -1.2 0.26900350426457326 -0.0032585406730347138 -3.0265367382371191
1013 5 -1.2 0.24048129405213683 0.088786937804081964 -3.1257994443534249
1014 5 -1.2 0.25124273915318124 -0.44959927583480291 -3.0840625279861689
1015 5 -1.2 0.24203588217291599 0.088577965459304575 -3.1345052069051103
1016 5 -1.2 -0.94346169327942464 -0.59613212026251405 -3.806246217005119
1017 5 -1.2 0.24489766803139956 0.084852422711069728 -3.1387132197431158
1018 5 -1.2 -0.21325285583828926 0.33535495746130839 -3.0976295816183037
1019 5 -1.2 0.24637179786965943 0.069691150931094931 -3.133625269349988
1020 5 -1.2 0.17293145938949095 0.16109484036362826 -3.0313633856138633
1021 5 -1.2 0.24534580801710365 0.08822884529672953 -3.1211286339325408
1022 5 -1.2 0.22511441523887918 0.12577361686675223 -3.0447875134814484
1023 5 -1.2 0.24298075180208187 0.078097621348056173 -3.1224327546380977
1024 5 -1.2 0.24226901725742195 0.087834675330656184 -3.055245098067608
1025 5 -1.2 0.24095445999371487 0.083545143136405126 -3.1188448941266316
1026 5 -1.2 0.26750543051910036 0.054537350504214675 -3.0379471396763877
1027 5 -1.2 0.23879377164303309 0.086930186521238892 -3.1226729817829346
1028 5 -1.2 0.41217372973790672 -0.097996977086252296 -2.9982599221882107
1029 5 -1.2 0.23779163296435071 0.087782480694893361 -3.1315244734698027
1030 5 -1.2 1.4293638300121101 -0.60179705818712137 -3.7791671622239966
1031 5 -1.2 0.23916595358546208 0.084847664669943992 -3.1394812907247145
1032 5 -1.2 0.23798185658873766 1.439157095015408 -3.8053711388413585
1033 5 -1.2 0.24196392993477078 0.068922050797093223 -3.1385234528197086
1034 5 -1.2 0.16534610248365034 0.33379498797630619 -3.0166125004938946
1035 5 -1.2 0.24365623968684544 0.086173784434771764 -3.1264949628957686
1036 5 -1.2 0.24223297384311571 0.14542784295775724 -3.036938885788957
1037 5 -1.2 0.24151885836323769 0.076686532273894409 -3.1239079163085708
1038 5 -1.2 0.24027554401394116 0.098151800903719555 -3.0558619216717671
1039 5 -1.2 0.24115217907761452 0.081446241438770578 -3.1184848115033366
1040 5 -1.2 0.24953438322366847 0.079622159487187039 -3.0537857977944438
1041 5 -1.2 0.23921117421904264 0.084503343555001414 -3.1188711732344112
1042 5 -1.2 0.28923943585829026 0.055552417450768124 -3.0274605362404214
1043 5 -1.2 0.23675863670699485 0.085826678893532807 -3.1243476969292239
1044 5 -1.2 0.48362698032624779 0.026409641723885529 -2.9985969275743836
1045 5 -1.2 0.23558058539205481 0.084364400003570941 -3.1319389404656341
1046 5 -1.2 0.70727965359221356 0.33054538219552826 -3.0838699367526776
1047 5 -1.2 0.23694922038440536 0.06933158592810941 -3.134729277407764
1048 5 -1.2 0.32256130904462516 0.3314390292157452 -3.0136265571196974
1049 5 -1.2 0.23981774038453324 0.085874012389266466 -3.1268823565443986
1050 5 -1.2 0.25829798597319731 0.12254535556216696 -3.0437349028660234
1051 5 -1.2 0.23991372779709869 0.077550685575286327 -3.1226551919009782
1052 5 -1.2 0.24127868141496683 0.09665279491010019 -3.0561085911679626
1053 5 -1.2 0.24135078582172925 0.081157046891618845 -3.1183969391415514
1054 5 -1.2 0.23944254609770921 0.084151073278739191 -3.0598284543530565
1055 5 -1.2 0.24100065926778755 0.083283126728379273 -3.1171138363514639
1056 5 -1.2 0.24841024826048519 0.077818759656755762 -3.0538240909014367
1057 5 -1.2 0.23904904322340387 0.084317098771477847 -3.1189054848503774
1058 5 -1.2 0.27909828279814852 0.075249827475257811 -3.0383698899131879
1059 5 -1.2 0.23673784136894802 0.083874232540941354 -3.1231207191897536
1060 5 -1.2 0.32975287661720154 0.091887500501867475 -3.0266942107884196
1061 5 -1.2 0.23590857463340054 0.070525001186559605 -3.1260547421217884
1062 5 -1.2 0.30959796542880658 0.15534874625155468 -3.0266951879288237
1063 5 -1.2 0.23749517261132597 0.087595957690044524 -3.12190571722719
1064 5 -1.2 0.25303595372792204 0.092749488509541053 -3.0547529459257601
1065 5 -1.2 0.23966483198598745 0.079916900698391663 -3.1199456805444079
1066 5 -1.2 0.23955353805004895 0.084043635328334282 -3.056153752686591
1067 5 -1.2 0.24168131051693495 0.082883298394213753 -3.1186083308830828
1068 5 -1.2 0.22948340666028466 0.07627576863274127 -3.0560741306539336
1069 5 -1.2 0.24301057936892584 0.084039207343355293 -3.1183231880821682
1070 5 -1.2 0.22767898790332006 0.076546091327827595 -3.055865799141408
1071 5 -1.2 0.24266056529227301 0.084161285202158889 -3.1184453727195125
1072 5 -1.2 0.23762751222250122 0.080427311023388334 -3.0556349055249754
1073 5 -1.2 0.24074423478995022 0.083692210217334848 -3.1192189197605371
1074 5 -1.2 0.25417667981403863 0.074525101345013348 -3.0530658588251338
1075 5 -1.2 0.23869274775383703 0.071509162524890688 -3.1196625432033831
1076 5 -1.2 0.26239926694155297 0.10250018567454938 -3.0484457267091232
1077 5 -1.2 0.23831827190118274 0.089789543188755719 -3.116170545857901
1078 5 -1.2 0.2454860861775503 -0.10060643303115584 3.1372582488764826
1079 5 -1.2 0.23932816936192561 -0.097085145597907582 3.1635428139398352
1080 5 -1.2 0.24220938804476158 -0.10248190062904267 3.1337138757705127
1081 5 -1.2 0.24782478422270462 -0.078370810433056964 3.1611114037220744
1082 5 -1.2 0.23495090073244421 -0.10678583702574848 3.1283922584908241
1083 5 -1.2 0.26800821664497576 -0.063015811814747788 3.1542324158401898
1084 5 -1.2 0.22848889425977342 -0.10439203800722789 3.1252797436844459
1085 5 -1.2 0.28963975945179327 -0.070336318995767144 3.1480856207817474
1086 5 -1.2 0.22920622557467496 -0.097804493509569726 3.1279598644053079
1087 5 -1.2 0.2808765011779516 -0.093441396940329727 3.1549149876973757
1088 5 -1.2 0.23632309611003141 -0.098631565470257435 3.1304501731649435
1089 5 -1.2 0.25639955987134139 -0.10688773660801874 3.1586934259555868
1090 5 -1.2 0.24320092386173822 -0.081273871965618347 3.138499080359602
1091 5 -1.2 0.24147329784730881 -0.088342477424893776 3.1650077259050708
1092 5 -1.2 0.24147508500651402 -0.10037408119278925 3.1372104258839921
1093 5 -1.2 0.24674419976306317 -0.095371369023968186 3.1637247811244777
1094 5 -1.2 0.24366965572354685 -0.10575464639626793 3.1329416734877928
1095 5 -1.2 0.24482676781234555 -0.068003077929095546 3.1596583070202913
1096 5 -1.2 0.23928663281031731 -0.11446648313739587 3.1211539120665051
1097 5 -1.2 0.26153897681881644 -0.029685712216471521 3.1411362017441906
1098 5 -1.2 0.22851029589547564 -0.11335216623834082 3.1075520730297286
1099 5 -1.2 0.3158460052417823 -0.012256007320538062 3.0926893363509245
1100 5 -1.2 0.22072974049776314 -0.10037627475194019 3.1070383253438898
1101 5 -1.2 0.35059933278566952 -0.083714027978100222 3.0959917580927994
1102 5 -1.2 0.22466583659249623 -0.095311127692350339 3.1174423095787858
1103 5 -1.2 0.30224583546752554 -0.12086838085642933 3.1426080049179697
1104 5 -1.2 0.23416223881258388 -0.078139220149962926 3.1342821204651097
1105 5 -1.2 0.26275958154918333 -0.094629753818350093 3.1634000371004927
1106 5 -1.2 0.23810803627373708 -0.094333277450491651 3.1340093126426356
1107 5 -1.2 0.25535126737682667 -0.10761396496563139 3.1622317943494278
1108 5 -1.2 0.24500216620678344 -0.10205174221976361 3.1339175294122055
1109 5 -1.2 0.24012419847596778 -0.074249092139239761 3.1599327393534824
1110 5 -1.2 0.24838784288077706 -0.11425385206721078 3.1214527303079138
1111 5 -1.2 0.23302245586981118 -0.023938956395628031 3.1372475335131891
1112 5 -1.2 0.2440286780501634 -0.11841383895206578 3.097238408025881
1113 5 -1.2 0.25742047680742969 0.039752812518113599 3.0376911133038691
1114 5 -1.2 0.23110336021643338 -0.10338372944144782 3.0816111778541839
1115 5 -1.2 0.34134916926614572 -0.054797601847032737 2.9330764351558907
1116 5 -1.2 0.2240555979596249 -0.089530466026825864 3.0933883171581833
1117 5 -1.2 0.35618297636211232 -0.16560005345922613 3.0545558037069807
1118 5 -1.2 0.22932557393332539 -0.06992144433381127 3.1222886589084862
1119 5 -1.2 0.29038153579922421 -0.12428947466815864 3.1473856745858759
1120 5 -1.2 0.23821114277359404 -0.086033993171537718 3.1286104385146367
1121 5 -1.2 0.2603546704927156 -0.13304045837127554 3.1554732494180171
1122 5 -1.2 0.24436609758217456 -0.094445858565104762 3.1351081905861684
1123 5 -1.2 0.2410267471514409 -0.09216628780946845 3.1611531799707566
1124 5 -1.2 0.25221293088259877 -0.10632207525713055 3.12901086269436
1125 5 -1.2 0.21771358027158441 -0.055125417417774852 3.1491441895563308
1126 5 -1.2 0.25912866703935983 -0.11315020920099021 3.1083272545473801
1127 5 -1.2 0.17348899603243637 0.0023670268650313126 3.071837880267644
1128 5 -1.2 0.25690741706246484 -0.10341959839388747 3.0820688903123088
1129 5 -1.2 0.17333824171252438 -0.054952049953806106 2.8976621718124327
1130 5 -1.2 0.24395349011261253 -0.086156503603886742 3.07870980548606
1131 5 -1.2 0.25718863517514501 -0.20560216785153251 2.9296602903402893
1132 5 -1.2 0.23612294100736453 -0.06143072232648069 3.108977715078475
1133 5 -1.2 0.28683411718761082 -0.18232504623936996 3.0975819299956187
1134 5 -1.2 0.24363450299457964 -0.082075991629762798 3.1256383512883525
1135 5 -1.2 0.24473500424587469 -0.15222208411487184 3.1482830988037218
1136 5 -1.2 0.24351125512865388 -0.088687108607940587 3.1352544243950438
1137 5 -1.2 0.24318878209859898 -0.1078959693804792 3.1611652236987853
1138 5 -1.2 0.24891088648910228 -0.098319604851553985 3.1356970172364278
1139 5 -1.2 0.22770417539254925 -0.0840788382661775 3.1593192460512625
1140 5 -1.2 0.25830357692881145 -0.10414053002104968 3.1261588340045523
1141 5 -1.2 0.18862741051389734 -0.063892111820559067 3.139180706290233
1142 5 -1.2 0.26651829734338056 -0.10043708367186688 3.1080360541893928
1143 5 -1.2 0.12363756272689749 -0.08390116448959184 3.0714739927931816
1144 5 -1.2 0.26350416238151753 -0.08979395883635756 3.0940442661386776
1145 5 -1.2 0.13306457392535098 -0.18035317093830716 3.0341626597044189
1146 5 -1.2 0.25132673739586719 -0.061638263690952225 3.1092003062147353
1147 5 -1.2 0.20734002101093951 -0.1879973190690695 3.0939145923722022
1148 5 -1.2 0.24897959728183106 -0.086450196608727839 3.1287284791965995
1149 5 -1.2 0.22752571740503666 -0.13709882524270317 3.1544508813163148
1150 5 -1.2 0.24332189529464993 -0.088915034412706026 3.1351678117180519
1151 5 -1.2 0.2426842426043947 -0.10960063075416411 3.1614079164627116
1152 5 -1.2 0.24321594344027989 -0.095381318103131663 3.1377953797432849
1153 5 -1.2 0.24145136447065696 -0.094392914411066758 3.1623880336293251
1154 5 -1.2 0.24860814550826216 -0.098893030692305386 3.1356757538645557
1155 5 -1.2 0.22564492648368267 -0.087647457391200029 3.1593022241399971
1156 5 -1.2 0.2571890178759329 -0.097840461371829571 3.1286964943744819
1157 5 -1.2 0.19555644856504384 -0.093523894495724236 3.1488042373671132
1158 5 -1.2 0.26212239476915911 -0.09562746967196159 3.1182310742052901
1159 5 -1.2 0.17611788442479834 -0.12744468004663517 3.1339265167531809
1160 5 -1.2 0.25772071004737918 -0.070388835009859124 3.1227787133935023
1161 5 -1.2 0.19526711583573625 -0.1321219821215224 3.1425910760932885
1162 5 -1.2 0.24893600013774783 -0.094854684191804414 3.1341344760604639
1163 5 -1.2 0.23079150881905128 -0.11185394329696925 3.1614909935716518
1164 5 -1.2 0.24260920291586982 -0.094968583077122595 3.1348892942453634
1165 5 -1.2 0.2450140710405313 -0.096424251077769446 3.1620481837566738
1166 5 -1.2 0.2377220846671575 -0.098675197007632928 3.1352536957849431
1167 5 -1.2 0.25524831020412064 -0.087856220188533521 3.1615336039247319
1168 5 -1.2 0.23761928805368307 -0.099001940199586774 3.1353190452643545
1169 5 -1.2 0.25401974406413841 -0.089139716755062992 3.161273934466069
1170 5 -1.2 0.24303486191871335 -0.096952301995771914 3.1348794381741807
1171 5 -1.2 0.23933264654224543 -0.095183804110737499 3.1609404611593583
1172 5 -1.2 0.24991867957017549 -0.098765886152207827 3.1307789672644324
1173 5 -1.2 0.22334311921191205 -0.10842792826213254 3.1567740339141821
1174 5 -1.2 0.25242255492600424 -0.078507501208677805 3.1346506380424928
1175 5 -1.2 0.22022611370769565 -0.098411989109017356 3.1613195591846619
