# golden forces for examples/bazro3yh_raiteri2011_offset (partition 0, layout 2x1)
# id type q fx fy fz
1 3 3 7.1505038980050708 -1.9181146043370469 -2.5292432845699451
2 6 -2 -2.8531361587816808 2.3959729006882164 2.9720808203300066
3 6 -2 -2.4380910421347983 0.79039913167808207 -0.26434387572619256
4 6 -2 -3.2864472346822993 0.39141977846732523 -0.055781117156631831
5 6 -2 -3.047449329518594 -5.6259690165331797 1.1779515580651767
6 6 -2 -1.4382844986849279 -0.37670591782546708 -0.54217206870022505
7 5 -2 -6.2102012115704239 -1.2158686454741763 0.13756249973186901
8 8 -1.3086979999999999 17.561128293713434 14.280156468889784 0.057471595138824473
9 7 0.30869799999999997 -15.852994066859567 -9.5788004585245243 0.23200658572262839
10 2 4 -1.6585737422959497 1.1416283351593659 -0.8944260894070899
11 1 2 1.8152493169474573 -0.15020955887270873 0.3353358415306672
12 5 -2 -0.98576881568082264 -0.55995470536288083 -1.1634792928551005
13 5 -2 -0.28412320009088093 -0.5904754151788455 0.22845904844557025
14 5 -2 0.78000473636015499 -0.14866614714690166 -1.0127667490788677
15 2 4 -2.3747502014907771 -0.53565807307275171 -1.7164692085599451
16 1 2 0.72811478587999379 -2.5174960237532811 -1.4932854554517956
17 5 -2 0.94849247088963373 -0.60853656426232128 -1.6160957623246495
18 5 -2 1.543962309007219 4.034451434618795 0.51593183181888613
19 5 -2 -0.52584560093703203 -0.13455413363111146 0.53019510769596867
20 2 4 -2.4604159348116799 0.15017787597177656 1.4466435444413155
21 1 2 -0.93818391121516198 1.395829797593253 1.2083186053569035
22 5 -2 -2.8754757021545458 0.53292703365995242 1.3445174261337036
23 5 -2 0.52202805182596701 0.22676717385747316 -1.8962483444793565
24 5 -2 -1.8811081236938887 0.24243214660166262 -0.97354786497164525
25 2 4 0.44685908011953546 0.15265761667883457 -1.8040716705701674
26 1 2 0.45751554989967347 -0.29661730848571294 0.36067589007394946
27 5 -2 -0.066738143696112251 0.69513814363422477 0.54146378162820052
28 5 -2 0.11076059114696446 2.6625626014307029 0.64281847906124867
29 5 -2 -0.44431679202409108 -2.7927073545564465 0.25232979137974304
30 2 4 2.7833026236010476 -1.0642607577604215 0.91948516782288248
31 1 2 -0.75818125774428113 -1.7192497074652808 -2.0702646192339569
32 5 -2 1.1136052807444332 0.89233647646414427 4.2710725977802744
33 5 -2 -0.49276654990258995 0.25481768571155683 0.60249122379351783
34 5 -2 1.3323209228574082 0.11013902313544349 1.6012803763712009
35 2 4 -0.22167242078043589 2.2645313944506436 3.9343664422837019
36 1 2 0.49148097545080771 0.1642582617132009 0.1146572604813548
37 5 -2 -0.93255454875701826 1.7591293121508091 -2.1552115512377443
38 5 -2 -0.43565495270824006 -2.7150525408018877 -0.27233466118487809
39 5 -2 3.7941138078776473 -0.2866030034027966 0.7127589107708433
40 2 4 -1.1055810129927068 2.4443221790439327 0.095089997258432618
41 1 2 0.12257800612481783 1.6285854638983581 -1.3470100680807038
42 5 -2 -1.1989920469188327 -0.30430884000366515 -1.6352295939795383
43 5 -2 -0.85093183965733377 0.99012600373841864 -0.55550342230291672
44 5 -2 -1.3792658409871008 -1.3292543863494615 1.1780693645832487
45 2 4 1.9188315959346827 -2.9913092547115179 -2.1656414658880192
46 1 2 0.27475645615274208 1.5280934340462113 2.6604486492996648
47 5 -2 2.5708425230776877 3.9559594268384166 -1.4331081676393953
48 5 -2 -0.55933384954706122 -0.40725072055206679 0.76136583078552111
49 5 -2 -2.6012512847533 2.5381752932878188 -0.037377588343296318
50 2 4 5.2764629724685888 -1.765041733622394 -1.6778415912081817
51 1 2 1.1080805051790497 0.91413259824377113 0.87226396297389053
52 5 -2 -0.43049275109242646 0.12299532472561019 0.1064966158301256
53 5 -2 0.097302483771624718 -1.754563796031624 -0.42626775185281651
54 5 -2 -4.5072656148303896 1.0896766483976192 -0.026060010062633077
55 2 4 2.4175661603700802 -0.1021347103815244 -2.9416265601798521
56 1 2 0.78170580611628093 -1.5573839541917613 -0.088276962224114075
57 5 -2 -3.1304306371061696 2.4462026693267651 -0.6707342482686145
58 5 -2 -2.2405234620988668 2.2821054220790242 1.2563648446379401
59 5 -2 3.1607045017696658 -2.3095241227385599 -1.4051488276760917
60 2 4 -2.3891735565241299 2.9893134541880779 -1.3741260253541394
61 1 2 1.0979172667110748 -0.82037118775179452 1.1695280296089405
62 5 -2 -0.12241863090975118 -0.15279766650002757 1.3229355969126055
63 5 -2 3.5989479196809282 -1.7536735265642451 1.1252670807923655
64 5 -2 3.9666669299263519 1.5679589863066874 -0.96599391165423054
65 2 4 0.60069301344007342 2.9428604953525226 -1.1183763532316537
66 1 2 -0.79757175288624738 0.69183971813809608 -2.1029991565422375
67 5 -2 0.54337494853292201 -1.4321133271226947 -0.087990327320195419
68 5 -2 -2.7902912197240739 0.6479107093622295 3.2957559449862717
69 5 -2 -0.39049548628555114 -1.761350322555387 1.4304824122301969
70 2 4 5.8933053845485448 -0.86599443734247206 0.19718370885954775
71 1 2 0.2837077977197171 -1.5127215321779295 -0.43113088733327837
72 5 -2 -1.7359603690807621 -0.66397613362879904 2.1966883775457609
73 5 -2 0.35003933864118797 2.3744437832434633 -0.52552582672938708
74 5 -2 -3.0044783670718771 -1.1761216596095867 -1.1098573537356144
75 2 4 -6.1011364372956196 -1.5321971624526476 -4.2311490963337297
76 1 2 -1.0163135578590177 -0.49196035583238096 1.7067403019022418
77 5 -2 1.7039487103568989 -0.67413686020570029 2.9353998206366629
78 5 -2 0.73203345836963796 -0.93112488626167622 -1.3195862519537336
79 5 -2 -0.38641166304655811 -1.1793038345566436 -0.66981598470135351
80 2 4 2.5783778735870668 0.95354741419393663 -1.6739356991317733
81 1 2 0.42471120448550048 -2.6619587085900762 1.4009097301518791
82 5 -2 1.5109243077275092 -1.9317488096984834 0.65546642124672694
83 5 -2 0.40907400528095866 -0.35941867843033315 0.45656410565964606
84 2 4 0.27520895086958608 -3.4465737206207048 -1.8523339482194252
85 1 2 2.2734599981268042 -0.049988088586731247 0.90428686105656486
86 5 -2 1.1565711359123054 0.12095613289501964 -2.76621258133332
87 5 -2 -3.7328911085483134 -0.79347139965936453 0.73147659775556062
88 5 -2 -2.1236892795486582 -0.86481384272688888 2.0272781159031141
89 2 4 -0.71682983529639133 -3.5168549133725935 4.4346027452995989
90 1 2 -1.5177507203784664 1.0109802697477595 -0.0609219523340499
91 5 -2 0.44356754867594589 0.50943433067895971 -3.7880495360432827
92 5 -2 -0.59231344404405606 -0.88567810514246292 -1.4587629759488911
93 5 -2 -1.3346200869563611 0.030772057415439265 0.6857740359473703
94 2 4 0.96219632112583597 4.2894818325524193 -0.30503577753057964
95 1 2 -2.4150043249929611 -0.5165243631975116 -1.1702270214843942
96 5 -2 -0.49746005374828012 -1.522857677550707 -0.67306933887185449
97 5 -2 -0.87224196330605475 -1.3736745926022267 -1.049332159551106
98 5 -2 0.54381444537300416 -1.9783316748777491 0.76582859465629083
99 2 4 5.8951401400686025 -1.5140186525214274 -2.1491727199384654
100 1 2 2.1480549877360584 -0.24181774413379714 -0.022941443577335758
101 5 -2 -0.88439738488365305 1.5041154234276652 2.2695668910595206
102 5 -2 0.21655442902567482 1.4277916954845489 2.3808726313072599
103 5 -2 -0.66465555157611411 1.9252180444114053 2.2545552098318051
104 2 4 1.7353108416228622 0.28298617358007983 -2.2077960911894707
105 1 2 0.29930537257575918 1.453524727925908 0.63679527245390299
106 5 -2 0.26591144858517346 1.5708159213374371 0.15028174013912418
107 5 -2 1.6630422382813266 2.4125601009322137 0.10048742749953526
108 5 -2 3.0050824431385221 0.74101829841649924 -0.86527060900652708
109 2 4 -2.961304940996619 -0.67366387469830835 -1.2004057685676783
110 1 2 1.3365315011282506 -0.48279183173706153 -0.76506588515483387
111 5 -2 -1.0389681460831086 -1.04959420133929 -1.0231246994234398
112 5 -2 0.49286164903275609 -0.88817410290412857 0.54570896430794769
113 5 -2 -2.2082948873389978 -0.1636196894044849 1.2652854043891182
114 2 4 -1.1636843154950587 0.37927021805607569 -3.4363817167996258
115 1 2 0.66553888448947662 0.15836332007939088 -0.38837338008073274
116 5 -2 0.79946843263788414 -1.855262710518774 -0.56572645712370084
117 5 -2 1.7048414451049139 0.88782351030921158 -1.5520345850343882
118 5 -2 1.4692731270795145 -0.85071042677301767 0.26488027842392481
119 2 4 -2.6606550980748258 3.0876908154981506 -2.7541914852151108
120 1 2 -1.5557936258115155 -0.5727872086596828 2.0636404350424025
121 5 -2 -0.60386801088233855 -1.8502277097247319 0.15620909212151984
122 5 -2 -0.51662304894904709 -3.3944829747994616 0.064276479407083434
123 5 -2 -2.1622936897889109 -0.32643644744812034 -0.47885342397208663
124 2 4 -3.4316360635639516 1.5409575536448104 1.237873790838949
125 1 2 0.35415172324542937 -3.1675962232171893 -0.039511345340544429
126 5 -2 0.67969025481255019 -2.1557621984736932 -0.60066005844192905
127 5 -2 0.45370797455261275 -0.07668354720955449 -1.3287177678791777
128 5 -2 -1.1259953245390806 0.34094510798166722 -2.7884437634137558
129 2 4 -6.6429456663345938 -1.0817853794897527 3.078605361581106
130 1 2 -0.50567271254559187 -0.43678598806150787 -0.094343792950854349
131 5 -2 0.45882032852085447 2.3627749232149151 -0.31008869261870253
132 5 -2 1.6816858924455627 1.874305853005596 0.6692233941143072
133 5 -2 -0.13924792282041148 1.7101053037427967 -2.1234424368588094
134 2 4 3.7079082852467988 -2.3358331036388384 -2.521638896012977
135 1 2 -1.0722563220253896 -0.18679353918915015 -0.62294172360615974
136 5 -2 2.5858445846100753 2.3593739734490957 1.039349060605226
137 5 -2 -1.4174105469622131 1.2089554608620501 -0.05373983313181506
138 5 -2 2.148405817098471 0.95169648722835165 0.19121245910230686
139 2 4 -1.0537549511011515 1.2165374591796916 1.3762667714536114
140 1 2 -0.66223073294396362 -0.88021588824590657 2.2748143669401433
141 5 -2 0.22569376424498527 -0.74452429189546454 1.4407363988246122
142 5 -2 1.564038964508305 -0.16086665256250585 -1.2995092013431169
143 5 -2 2.4031699674437017 -1.2473808833028328 -0.70941217454842953
144 5 -2 -0.5139620371688568 1.5922571914149271 -0.54313423531554406
145 2 4 2.1825058347778619 1.08679273896091 -0.31251075655057337
146 1 2 0.081108563105049103 1.1280293358420701 0.75854694318361282
147 5 -2 0.097501095595850532 -0.52486139892434325 0.1606979665145144
148 5 -2 1.9761025759422062 2.266794533152086 -2.0076012626396249
149 5 -2 1.8654740183513012 0.87831563050290373 2.7577388393424269
150 2 4 -4.1948434160978261 -0.51088950889052043 3.2988034982086858
151 1 2 -0.20101111115335649 1.415315731459349 -1.7721573167822946
152 5 -2 1.6216072350099064 -1.627655236034194 -2.2043563253289573
153 5 -2 -1.4997071875570778 1.4162583017469264 1.0658694712617225
154 5 -2 -1.1263782590964257 -0.054664681787993032 0.51113589462925002
155 2 4 5.0917897634191673 0.5531074055120242 -3.5998350939351815
156 1 2 -0.52430768008676931 -0.090667898821663512 1.3323595122690217
157 5 -2 -1.1348283478556906 -0.11966599929390925 1.0395828504292686
158 5 -2 -2.3075996901628146 -0.14299851943958397 -2.4116256230031938
159 5 -2 -0.55655798820632785 -0.084763298491320971 -0.54732493980540475
160 2 4 3.5742916915011418 0.32726293004046042 1.7086770387887409
161 1 2 0.52141434718428659 -1.4505965927253202 0.80006497888831318
162 5 -2 -0.27709625445657682 0.89339452825333576 -3.9882225265459401
163 5 -2 0.22200865390863231 -1.8052876192909262 0.88004128920839164
164 5 -2 -2.905416205655917 -1.5081942377375128 -2.2459477447223
165 2 4 0.077637397431125688 2.8374775067462896 2.0417874557858755
166 1 2 1.2593941234948758 -1.583118024882691 -1.4840562163121198
167 5 -2 -0.29713598461258478 -1.0057249860397137 0.69881729435188855
168 5 -2 1.4112075099120955 -1.8291847727666553 -1.2140007723651138
169 5 -2 -0.59438183579662485 0.046357953748061252 -1.9265096507800181
170 2 4 0.088680117363108227 3.749795690382419 -0.28483512788881649
171 1 2 -1.0843583945183322 -0.2030209664662328 0.20633015684231054
172 5 -2 0.2777471585150591 0.10795770618404471 0.88300766979217837
173 5 -2 -2.1853769265625034 -1.9142071911777678 -1.1224574775880594
174 5 -2 -0.21817786521672225 0.61075848847958558 1.7947744698387829
175 2 4 -2.3572490171084501 -0.19548393561353924 -2.8513565471552682
176 1 2 0.45792701476909448 2.0852089355355874 1.0119326722868518
177 5 -2 -0.048478481282938815 0.11902324875536421 -1.8313132650147004
178 5 -2 1.8556466804658567 -0.23603927959080206 0.34669072853968452
179 5 -2 1.8092240723667796 -1.4089010058377853 0.78862866813590082
180 2 4 -0.37198774088566916 3.920904801765269 1.3591846484446508
181 1 2 0.42273820554969832 0.0069596646893118133 0.18051814328844942
182 5 -2 -0.77391888318252344 -1.6103487164042527 -1.7659684182859181
183 5 -2 0.013084347843286999 -3.3324738829010982 -2.2797067925382266
184 5 -2 -0.22426875330468729 -0.2566065932229788 -0.59283332228267915
185 2 4 -2.0471104144083387 1.5358975900422198 1.7798284420980346
186 1 2 2.930355210779739 -1.0222017784658339 3.3481423948916063
187 5 -2 -2.087198214620789 -0.31474441812455767 1.4988581256808142
188 5 -2 0.33524808400907674 -2.9421516615691989 0.68752292444798957
189 5 -2 0.23959950416636477 1.2035271043606133 0.044328850275400913
190 2 4 -0.03074220354830607 0.16366389532865752 4.6343478770666628
191 1 2 -0.32317332616414801 -0.8967980137219016 0.7253061646811404
192 5 -2 -2.4316799823456607 0.49556025016214311 -3.4757170502827162
193 5 -2 0.10355874593114363 -2.3654284241064936 -1.7672962102893663
194 2 4 -1.5525777931824609 0.18544700620648297 0.0039453330068493723
195 1 2 -0.86993167967763108 -0.077699892141762553 0.62047938112708967
196 5 -2 0.85370779528444607 -0.025149753437896456 1.2935353833013048
197 5 -2 0.30658106984796885 -1.0639934190569327 0.43272854424109392
198 5 -2 -0.71670472103024563 1.7962536332570163 0.46879824852489432
199 2 4 2.280386906091616 0.26918625686718012 -3.5699547375799034
200 1 2 0.94469959797028402 0.54679539427328028 0.24146940344862824
201 5 -2 -1.3234843098501112 2.435669169770343 0.35179889811257131
202 5 -2 -3.1188003830924829 3.4984500710809003 2.7596571561126506
203 5 -2 0.95206800126813163 -0.95815803696922264 1.3682763939544047
204 2 4 1.229376488924169 -3.3053303041655822 -2.2458999526843297
205 1 2 1.5031822534611965 -1.0827581153517756 1.0188424240950109
206 5 -2 -2.3270629233353097 -0.49669368898443711 0.81441534326970677
207 5 -2 -1.205714960703566 -0.12224848039896652 0.12809896299268914
208 5 -2 2.3295343487656863 0.19290223093101028 2.3156706361406556
209 2 4 -1.9387802311146696 -0.43848922025097509 1.0151894139313138
210 1 2 1.5074903021565023 1.8697508214811234 0.62938701311379275
211 5 -2 2.8708001079679857 0.76983764158367773 1.635155562137341
212 5 -2 -1.0387834992327654 -1.2379131740492761 -1.2834982500950736
213 5 -2 0.60994705361704915 -3.7806605466556631 2.7143998134463048
214 2 4 3.0362886383857166 -0.61319427080390232 2.7020955518950345
215 1 2 -0.39675746935730921 0.66825516839730492 -1.4891901357342117
216 5 -2 -0.72193749675902641 -3.2685265803859531 -2.6590054894664159
217 5 -2 -0.58387935019337622 -1.3621572199869982 -1.030529802147012
218 5 -2 -0.79464532149029143 1.0355204047487412 -0.66790635737495085
219 2 4 2.5295600696102869 0.58565465850233556 1.0804401784884987
220 1 2 0.05480827373125062 3.183029385194228 -2.8783927047015965
221 5 -2 -0.64201381215999531 -1.3852212149260792 -3.0922028790911837
222 5 -2 -0.52403357201477208 -0.36086732729609222 0.81686334608995859
223 2 4 -0.27213604352359638 2.2939166650141933 2.4604955751668576
224 1 2 0.20631611516841239 -0.98995735434900356 0.57840211585334533
225 5 -2 -0.42583394707631034 -0.32013614957484804 -1.5428957658844809
226 5 -2 0.27926336075027519 -0.38754905785077015 0.50744456562531859
227 5 -2 0.88826665445610442 1.1101444601396635 -0.70858269766158433
228 2 4 5.9122681626981421 1.4086351088716267 0.57717372221481744
229 1 2 0.011844264479734343 -1.2930918901627602 -1.245264828343577
230 5 -2 -1.6294052368456333 -0.16990862317582359 0.37799596257283352
231 5 -2 -3.5225023830028523 1.3319406726075727 0.70415833953122542
232 1 2 0.94792900171451122 -0.7036926567204399 -1.9114018240068475
233 2 4 -0.42246261311165623 0.89965386533285119 -0.75670424218823462
234 1 2 1.2935710190674732 1.1315361684420215 1.6853586476944213
235 5 -2 -1.2665068466652307 1.3910953739707721 0.011154564661738175
236 5 -2 1.4278949112979227 -0.72376974172975894 0.46191771625891831
237 5 -2 0.042721495546268209 -0.9353138200768909 -1.5144645451678538
238 2 4 -0.63682983047032071 -4.0784523543909064 -3.315606740990948
239 1 2 -0.39708379650223302 2.7453329995689959 -0.88253714717059184
240 5 -2 2.4347199236010737 0.72035547502920871 -1.2148235766640101
241 5 -2 1.9816989143509021 -1.866286285448153 -0.41947655836890557
242 5 -2 -0.46903107897570412 1.9484828078722158 1.6269798734319119
243 2 4 -0.87514234591391638 -1.1262425622593091 -0.52137414900178802
244 1 2 0.673172333828434 -1.3862870826660207 0.48605618478025869
245 5 -2 -2.0698114315449585 -0.50449997197550744 3.1293252893661037
246 5 -2 0.71870337779873306 -0.15009105860113564 0.78416281223087203
247 5 -2 -0.77416021493105791 0.503384741024409 -0.24447364253684681
248 2 4 -1.3787545670421666 -1.2899479479013589 2.3590763624300966
249 1 2 1.7504907685989404 0.020167777416377403 -0.047431277010622448
250 5 -2 -0.31077664255643944 -2.6652040475855481 4.2183381882343527
251 5 -2 -1.7358329742032099 1.480974977379595 -1.0479927263560056
252 5 -2 -3.5707533081400173 -0.54868704294207282 -3.2356143896955056
253 2 4 1.2588015713685872 8.552005982122612 1.7968848685706988
254 1 2 -0.39168294230317208 -1.4209083457321485 -0.93366028263542689
255 5 -2 2.1331113588525561 -2.7118865066082951 1.809822034899575
256 5 -2 -1.2576972875276131 -1.9145152447746574 -1.6410094489319567
257 5 -2 -1.6917347605880551 -0.53993622646582584 0.62004719504058337
258 2 4 0.19795607840433926 1.4298008659968504 -0.13928245886991533
259 1 2 -0.98011877388598456 0.025422874080786844 0.40747658349700588
260 5 -2 -1.119438028146438 -1.2307489854201095 0.27534771636459654
261 5 -2 -0.23695838299751837 1.5887948205281475 0.17264969980458317
262 5 -2 -0.74786600042930884 -1.2154356707582168 -0.22669336843006191
263 2 4 -1.1697547372879522 -2.1629122655517108 1.1512826427013774
264 1 2 2.1005098747493163 0.77400281384222813 1.1631055594382875
265 5 -2 -0.66352975928881286 0.77965583499215452 -4.1987309611714121
266 5 -2 -0.73872932906855304 0.093512222637758033 0.19683141013233951
267 5 -2 1.1446666001798924 0.10784565650705566 -0.085718714504911475
268 2 4 -2.1321453197357831 -0.32329664942727004 1.8601692282626525
269 1 2 0.61587470431910818 0.50218078641092578 -0.25201077039500941
270 5 -2 -0.010871746025064074 -0.59842595193707415 -1.637035644353406
271 5 -2 0.55096976601929648 2.8378513391722247 -1.1449452136304294
272 5 -2 0.603398848198473 -0.75517161826285073 0.085845373830561858
273 2 4 -0.3702346624902968 5.5543173732492912 -1.5353991474968365
274 1 2 -1.5599047741574179 2.6321154603227268 -0.36098928880876691
275 5 -2 0.45562760785697426 -1.3996319797241088 0.22409048586734565
276 5 -2 1.0116576854932902 -1.5806036254256235 -0.053608347135196299
277 5 -2 -0.39157230093057854 -1.3887727368136471 0.13745227131385218
278 2 4 2.1341605805490214 2.2548641505983693 2.7943263278324193
279 1 2 -0.87825793013886089 -0.070544614965692601 -0.33745560183422624
280 5 -2 1.7593367873648207 1.328416128315387 -1.3628257904599355
281 5 -2 -1.0747537116105117 -0.94564101463915828 -1.7525621965478173
282 5 -2 0.32315607361863075 -0.55466503049856297 1.1801863486473492
283 2 4 -2.9481528049738026 4.2943675718801391 -0.42194618808545092
284 1 2 -0.029757596411041469 -0.16310606255158427 -0.16037715033810052
285 5 -2 1.2938230362085363 -2.0360595485066266 -0.075030747840459447
286 5 -2 1.863428581192119 -1.3507512846507594 -0.67101260659259909
287 5 -2 -0.61927734873506668 -1.3391485924349873 -0.98728217349307312
288 2 4 -2.6967653318487481 -1.0029331198137019 -0.56443252224843865
289 1 2 2.1466483639445606 -1.0246158288606795 0.37028207349752107
290 5 -2 -0.16302984701397011 0.92268026698695571 3.795069701773893
291 5 -2 3.0870628228109882 -0.34032061266997854 0.31675403254884965
292 5 -2 3.3977399984072365 0.51421481790169388 -1.3567464908336322
293 2 4 0.7939383672091983 2.2943343114868311 2.9702593171132032
294 1 2 -1.8961578948687523 0.25730688059468138 -0.50652959260538666
295 5 -2 -2.9375125631823678 -0.10889798760571236 -3.1440042403991528
296 5 -2 -0.36920598493533274 -1.0106600043787135 0.93753128123690366
297 5 -2 0.69226930118401586 2.0669903611556903 -0.91143417311758024
298 2 4 -2.2613715290460199 -2.7222606587804843 -0.17852083779840591
299 1 2 -1.3635804254459103 0.28507971800944293 0.88498261520628541
300 5 -2 0.63140443546263914 2.2897845023116674 -0.30749424074994319
301 5 -2 0.5209522242800414 2.9934715721030227 -0.50069837626062286
302 5 -2 0.88935871233932051 2.6954814122401229 -1.0706686434483303
303 2 4 -0.70235629430629187 1.7991401172441477 1.0169532729997179
304 1 2 -0.55851555403729725 -0.62286373086866353 -1.3627032990336527
305 5 -2 0.46662462340413069 -1.6411642988533988 -2.4636732017104022
306 5 -2 -1.3668477925084519 -0.807188268463225 1.37139372887827
307 5 -2 2.4708388417295293 -2.7194519926947227 -0.53250689123753125
308 2 4 1.0176624505706122 1.2485980359048512 2.7905687569264894
309 1 2 -1.8764702216684892 -1.0194855872326916 0.35735525843511301
310 5 -2 0.74049583971732635 0.061242590887471311 0.010836185361464403
311 5 -2 0.21250419552875721 2.5617477824767647 -1.6466246432063194
312 5 -2 0.63522339638299818 -1.3310221043047603 -0.47717378634881913
313 2 4 -0.36206611744099387 -4.6353765166566276 -2.6872551959229694
314 1 2 2.7965774920156523 0.37332339765326156 0.69517941970187425
315 5 -2 0.99190077081896888 1.6282472466159468 -0.87379440663741004
316 5 -2 -1.3057063762665264 -0.82170271473714351 0.20470564993440285
317 5 -2 1.6176685704189082 0.094464270990156904 1.1421238400651967
318 2 4 2.7864076901711852 2.9539286976339953 1.0959342791650324
319 1 2 -1.6571625346448973 0.12804507383384378 -0.32049119829915412
320 5 -2 0.049602248287436444 -1.3236227238199783 -2.126547789002978
321 5 -2 -1.7123031293814241 0.5395510886161804 -0.62339531119122782
322 5 -2 1.7647141075908488 -1.4213983419568041 1.5205050606727335
323 2 4 -4.4427431502014443 0.70745236891218277 0.57000811083139102
324 1 2 -0.64986549972870034 -0.23447038064438822 0.65794376615884309
325 5 -2 -1.8167762849893703 1.0289974289670758 -3.5628912009806495
326 5 -2 -1.0014576759690392 0.10546835277863438 -0.55758814651764255
327 5 -2 1.3008203405911705 -4.4241968188443019 1.6126429866603582
328 2 4 1.9203497107684346 1.6585146413249625 -1.2724268668721592
329 1 2 -0.40996287116869606 1.1603792850568464 0.67560158591550568
330 5 -2 0.055023723869153641 -1.3028392644201818 1.054309795716919
331 5 -2 4.0276887098709881 -1.5497086450028945 0.91462293139183959
332 5 -2 -1.3049596509576105 0.49222856390754383 -1.007479231604921
333 2 4 -1.0966411493437953 -1.5338363801068142 -4.2216125624458591
334 1 2 0.31877957895119841 1.6882185880277645 1.1474872609335667
335 5 -2 -0.75532047637591404 -2.36473769911778 1.9937499596396577
336 5 -2 0.22468204202621492 0.4977379438681433 -0.61973276959663381
337 5 -2 2.456897569168321 1.2330843833746992 1.0785304206165718
338 2 4 3.0097288433404121 1.6851228225924657 1.9992683411835881
339 1 2 -1.5689696580292414 0.39773799120577208 0.1123865822448569
340 5 -2 -0.80170560961117587 0.039863414438995985 -2.471005438533139
341 5 -2 -0.026349167227458753 -0.53111429600192184 0.13655496491347835
342 5 -2 -0.74461531083129173 1.3836617212260387 2.0263439500060665
343 2 4 -0.96027291719446251 -0.34754818901529194 -2.4196697115406023
344 1 2 1.4181363175029422 -1.3305330511545492 -0.94146033656310746
345 5 -2 -1.2858530830161092 2.2612028561781523 0.43932460307295823
346 5 -2 -1.4829556995995492 1.1676036380811246 1.4886038734584546
347 5 -2 1.5325473852207929 -2.7421379427168073 -0.59076623135596873
348 2 4 -3.1369374873807003 3.3113612481711869 2.9720743388608932
349 1 2 1.4686894485762274 1.1711141033447987 0.51131333761756204
350 5 -2 2.5833505622835595 0.36439083192758304 -0.17758147944995689
351 5 -2 1.642856948834047 1.7086658396106802 -0.86702285568857063
352 5 -2 2.8138870074065121 0.13300701229560677 0.22992865199067869
353 2 4 -5.2724588015866507 1.1511086945557705 -0.97090091008541624
354 1 2 -0.82021026596395175 -0.11736455572408125 0.54471967153733303
355 5 -2 1.9161846461787575 -1.032442263332072 1.7459222166985959
356 5 -2 2.0076623050537927 -0.58211387788958102 -0.13467032926138245
357 5 -2 5.1471151642060144 0.31673291589466235 0.55071327942960846
358 2 4 -1.9400825905423018 0.120816500523965 1.7469779802789447
359 1 2 -0.93317212506362368 -0.57925227470346141 1.4050995047151762
360 5 -2 1.4250002772522112 1.1370722228269345 -3.3999327518683065
361 5 -2 0.74663088050340143 -3.5371238495024113 0.70801217934307592
362 5 -2 -0.63706978494205335 0.41596667928170522 -0.93650116342709144
363 2 4 -3.4865159486899087 1.8508874728467604 2.380620835136753
364 1 2 1.2084836201417752 -1.0172428984105135 0.056529462336620769
365 5 -2 0.98673699114821267 -0.6522416829872878 2.9545955012448784
366 5 -2 -0.64282972313252928 -0.6807586811675489 0.5825659525805108
367 5 -2 2.7494394141944456 -0.73019375119687535 0.33569108810439574
368 2 4 -1.2755823964186761 -0.74956453027149184 -0.84194668559762964
369 1 2 1.3277288895605264 -0.36691130124738208 0.27967057820838559
370 5 -2 0.11884304724027644 -1.7567874072457323 1.9012179459919245
371 5 -2 1.4009973216384064 -0.056588446994182119 -0.04482081734769653
372 5 -2 0.22145783011041567 1.483869305313158 -0.79719707664524586
373 2 4 -0.42125181689087471 0.017533747033952607 3.1361267330170675
374 1 2 -3.1781015846635019 -2.0131911864407703 -0.74338261010924767
375 5 -2 1.4098077485424245 -0.29049581378336764 -4.8141251043618585
376 5 -2 -1.2748434533791859 -1.5947614319324728 0.07376523881063192
377 5 -2 -2.6504374624007641 -1.0427109125155327 0.5091724770058379
378 2 4 1.7793350651396649 0.40099437036312513 -2.9776877576244232
379 1 2 1.1668832233621633 -1.5815637797131807 -1.4449860075841789
380 5 -2 -0.30389210517282611 2.4438118175661674 2.0494139404618532
381 5 -2 -0.39360450952673331 0.94017690735302695 0.44916443314335047
382 5 -2 -0.10535670189385371 -0.95935295152410049 0.94759229955061475
383 2 4 1.0865384648199061 2.6991082566580871 -0.17785336548238198
384 1 2 -1.7457208377026179 -0.062606990340039664 -0.5148817867269585
385 5 -2 -0.96652137786852632 -0.030942479418081419 1.9533898362410265
386 5 -2 2.4250768028283631 -2.4168952318231862 0.68199619459501015
387 5 -2 0.97858647469802973 0.64915292527378265 -1.36729590184969
388 2 4 1.6390319541423835 -2.6797867302648837 1.0979989331706168
389 1 2 -2.205852867490762 -0.70631241764284103 -1.233147544747992
390 5 -2 2.2222587326360181 1.9776839265153354 0.27830117959186546
391 5 -2 -1.7794303365440953 -2.2629047708136785 0.61343074746959658
392 5 -2 1.398377146564749 0.4227171263399338 1.6888779144280108
393 2 4 -5.4034888035424578 -2.4417477349279917 -5.6658687051743764
394 1 2 2.6835193650676756 -0.61438739006605469 0.61926374779179316
395 5 -2 0.8459805984579718 -0.085103268806938193 4.1266687449081481
396 5 -2 2.4717222214105776 0.620236231632047 1.9262173932911353
397 5 -2 -2.2199732529786638 1.8225112754125259 0.048507588909157531
398 2 4 -3.9283520924552087 -0.60448550649987587 -1.754995788989546
399 1 2 0.60193074439847161 -1.626948517176471 0.17342163229480409
400 5 -2 -1.8427212754024309 1.740423908120561 -4.981213037423478
401 5 -2 -1.1282500276606042 0.49126407375030678 0.57756878280481849
402 5 -2 0.45577908303243647 0.12992722752484395 1.2909629687268913
403 2 4 0.070171013498632556 1.7622034285415724 0.46380440026169389
404 1 2 -2.6018524753121137 0.11295040110619498 -0.73872495983192188
405 5 -2 0.64121216288471139 0.55797650524725273 1.1237095760467466
406 5 -2 -1.4246593593052901 1.1959288411468854 -0.10346985835513015
407 5 -2 0.5240398354898691 -1.0667158717133465 0.29923683691761294
408 2 4 -3.725275589023735 0.69319155606644167 -2.706479405797285
409 1 2 0.72133922323614641 2.5682687751327542 0.25277850381167211
410 5 -2 2.5302660303329052 -0.40728764007393103 -1.2241423687190078
411 5 -2 1.1604203055947337 1.4459634634589056 -0.61003909317482419
412 5 -2 1.1407463918633984 -0.52568248212311686 2.8900103574786136
413 2 4 1.0197285241956187 2.3350433832456114 -0.32788587203874103
414 1 2 0.4471124482622002 -0.97273234685847432 2.6229462368784389
415 5 -2 0.23836126182499481 1.2994267362861114 2.5231877295259149
416 5 -2 0.82366516463578265 -0.2817641819866703 1.9143169484645421
417 5 -2 0.83969426043285511 0.51660135676480323 1.9550993030191126
418 2 4 -0.85261339125075719 -0.26059143073227331 -2.6805011867421635
419 1 2 2.2875641262182511 -1.8715086221709101 1.0345221594696263
420 5 -2 -1.1017742706317546 1.1906158822131356 -2.1224370550001073
421 5 -2 0.32846526372262225 -0.106657056224296 1.2554901814557651
422 5 -2 0.47084060922330728 -1.252747555148203 -0.87004788831640489
423 2 4 -3.1542393435639138 -1.311806675631418 3.4045567971463067
424 1 2 -0.67770501245016457 0.80842403956355124 1.1571252592049832
425 5 -2 0.25474424803411055 3.282686997636806 -1.2299620615128382
426 5 -2 1.615977421558962 -0.45577112561259586 -0.89431923269728619
427 5 -2 0.28576293052861534 0.31175731878825425 -3.0969673387773127
428 2 4 -0.80142684344794857 -1.1842640627872165 3.0426141241037796
429 1 2 0.78321149785937316 -0.89063412450713553 -1.4020062144607814
430 5 -2 0.42886452850276902 -0.12130316972991824 -1.4676788141824924
431 5 -2 0.53460251133754588 -0.2100860408492736 -1.4949698920905863
432 5 -2 -1.9115762558437797 0.24886258460167759 -0.85328825860346436
433 2 4 6.2915277056836896 -1.4075848135499056 0.75560389817994211
434 1 2 -0.33891893932250078 2.7311461970217068 0.83363883240673609
435 5 -2 -0.91894940791535074 -0.11894463702771108 -0.82117885737836993
436 5 -2 -1.021029401357062 -1.2624334738136631 0.64687491657219931
437 5 -2 -7.3542627462834371 0.77902953589338697 -1.3225708067340147
438 2 4 -0.14729182511976149 0.51608365955831015 1.9679528848274346
439 1 2 1.8800621963172344 1.0268622400457561 2.0875289165913751
440 5 -2 0.96317036519149257 -0.14333671126717784 2.7572095841762039
441 5 -2 0.77624922045429534 2.8380790968373644 -0.10650479423077673
442 5 -2 -1.5931989947313376 0.004953706880095215 -2.8904621586201187
443 2 4 -1.2242468496077787 3.1341398529940654 -1.7598195418603746
444 1 2 0.65393437803042886 -0.78307136683071166 0.82147950815602933
445 5 -2 -0.45805262314817746 0.10137553876236668 1.1995988409074156
446 5 -2 1.1287496545720246 -1.4631193709744104 1.2333538679014173
447 5 -2 -0.25270604670613295 -0.38146586643782809 1.0512822552880621
448 2 4 1.9465459578933169 1.3129886532439927 -1.2001312353996463
449 1 2 -0.083557883791323603 -0.87331930172177474 0.92974355870398495
450 5 -2 -2.0951915363684095 0.40373208965375401 1.1548731594600361
451 5 -2 -2.2626009595684704 0.66295331160914028 0.24847068743004
452 5 -2 2.0953029686686433 0.84155471980564878 -0.35281435947492251
453 2 4 -2.2742574955088148 -0.09995831706652665 -2.154605039605594
454 1 2 -1.6631942329164928 1.3123802043178361 2.1850182758461441
455 5 -2 0.96180340074625348 1.128713016696181 -2.5182483147753154
456 5 -2 0.63968305669794945 0.41982217054582838 1.9967863841060061
457 5 -2 -0.041401804466765384 -0.35229725193384565 1.2016514633087092
458 2 4 4.1150185808986004 -1.6152484380831365 -1.6370930584765098
459 1 2 -0.35842423000430718 1.9239273932694887 -1.113421272907567
460 5 -2 0.55957742143146005 1.5864539306111596 1.6554907534500498
461 5 -2 -0.30643024671797831 -2.0439631163311565 1.7163403238736108
462 5 -2 -1.4329466167064471 2.2896073040203864 -0.68959038494193348
463 2 4 -0.10711601650432601 -7.2219213406148253 -3.3990697204869611
464 1 2 -0.22017864717810415 2.0225232429504412 -0.17568177080103825
465 5 -2 0.98500852664195226 1.228598235140792 0.81690111010564492
466 5 -2 -0.63145891048153124 -0.9897137360404662 0.32574850151374457
467 5 -2 -0.23267586696823372 3.2782692208984185 0.8560164949705259
468 2 4 -0.31912439978730078 -1.522679497873501 -0.073899200405754595
469 1 2 0.11441968384368623 -0.2780798621541537 0.14501110116482208
470 5 -2 1.4077135614975835 -0.55192078518957211 -1.0027582257191874
471 5 -2 -1.4227167819655124 -1.381330921585564 0.50249210045860926
472 5 -2 4.5040467502821526 2.0794054879784389 0.65877537679298503
473 2 4 -0.77379592543567344 0.02037385248969956 -1.1322817857948468
474 1 2 3.4253847098070858 0.47382795682111378 0.15026383049971453
475 5 -2 -1.8660410635785862 0.80093416518564975 1.3870361712356585
476 5 -2 -0.54138975861677052 2.8806402152445894 1.8538729765276389
477 5 -2 -0.016670150588783871 0.19861049573924822 -1.0502676122507082
478 2 4 -1.3326697412991646 2.4004001024832711 0.99752530200413692
479 1 2 0.17140673032870909 -0.10048195387219773 -0.78624791960016605
480 5 -2 1.1301873667121649 -2.1827833726674619 1.3657435611930191
481 5 -2 -0.6674203531212296 -0.4024156839828506 -1.456309481166598
482 5 -2 1.4098096286725823 1.1404224797393434 0.66259863787082851
483 2 4 4.4152255221714238 -3.771180018638133 -0.52459786484295823
484 1 2 1.6432878490431231 -0.18591796311110281 -0.20176576190203224
485 5 -2 -0.0039335959868703006 -0.38010297183992497 -0.5277561506916798
486 5 -2 -2.5284844352403311 -0.69885721123622679 -0.47114048625265775
487 5 -2 -0.23255602054711122 -0.54879648098373401 -1.250089548222695
488 2 4 5.2202766656989823 1.9948976289675009 2.5629579999946555
489 1 2 0.63714834372940587 1.3731253170675348 -0.75081811508290819
490 5 -2 0.61056952577471324 0.11736591431147442 -1.6072714447896153
491 5 -2 0.031748528621831959 -1.5259490424839404 -0.9965571392535213
492 5 -2 -3.5656963783074986 0.64543267141931382 -0.83380658083768622
493 2 4 2.4454928438441823 -0.76428217459599945 3.1415058098082751
494 1 2 1.243290122319344 1.3140964739561423 1.8966033469512125
495 5 -2 -0.12260069910845421 1.7731432444648145 -2.2258869779786239
496 5 -2 -2.2784488796624442 0.30410755664053912 0.68546371380354765
497 5 -2 -0.67178775148907943 -0.62511982884180617 1.0614596352693138
498 2 4 2.7869707396075887 0.87069034963308301 0.22422628474950279
499 1 2 0.74817878486675693 -1.0874131628958097 -2.0585307976136491
500 5 -2 -1.6620845846330143 -1.121856707195712 3.8611775840332911
501 5 -2 -0.83253774156330285 -0.52895869324127476 0.57472259779247281
502 5 -2 2.1042350717175613 1.4909192627103001 -0.86632192700817101
503 2 4 -1.2302313582283311 -2.3160553970278377 -2.7160029810101385
504 1 2 2.0461142955192768 1.5659238546178091 1.0483272102708492
505 5 -2 0.72764457103451763 0.53304533493280648 2.5002599004874804
506 5 -2 -0.1593858346440368 -0.73745124590726052 -0.27758089179458512
507 5 -2 -0.36062751878424287 0.38165081596685207 -1.7926476060045724
508 2 4 -4.8688398867273284 -3.4110924322304985 2.385925737812467
509 1 2 0.10878683257251746 -0.68729581102708126 0.79727615285658127
510 5 -2 0.0983247028324995 -0.26652165463109462 -0.66554762075222917
511 5 -2 1.0750081541294632 0.85163062312702331 -2.5007104493380843
512 5 -2 0.12997856442945691 1.3924568693912693 -1.2303970177970933
513 2 4 -1.6080178486854222 -0.25880997002787748 3.9695733238431976
514 1 2 -0.33243052629727571 -1.5066918150485455 0.11107282225944246
515 5 -2 1.5214558841930788 -2.3225601594924865 -0.17638818559346447
516 5 -2 -0.95562394171178511 -1.5937470288323945 -0.6947362517748481
517 5 -2 -2.8005495611472879 -1.5561756703697698 -3.0386912575981833
518 2 4 1.6050643986823394 -0.72840114320629124 2.5268395615726207
519 1 2 1.9354117439588669 -2.3551414954854941 0.42354800189763364
520 5 -2 1.1708295665946675 1.275726525557529 -0.84819547754909552
521 5 -2 -0.88225682951292617 2.8943599942870897 -2.9356015669490332
522 5 -2 0.22058366674263857 -0.43677877815476818 -0.50616312296751631
523 2 4 0.34226810220945864 6.1826886018157445 2.814566938859969
524 1 2 -2.9292590743682485 0.10706096392388782 -2.868610937427436
525 5 -2 0.32123692895282324 -2.7732398363077895 2.7617842793447469
526 5 -2 1.0641950114903207 -1.1694649648796553 0.65723940166262007
527 5 -2 -2.1103998140774172 -0.52837478533174576 0.76100657878913636
528 2 4 2.3932710001013047 -0.02835680428782367 -1.7644513211075121
529 1 2 0.65301759125571246 -1.2991763099660756 -0.74162300880176957
530 5 -2 -0.49118889623305123 1.2118959583454645 -0.57489409592387086
531 5 -2 0.57224395059912458 1.5721698794811132 0.25469712107528036
532 5 -2 -1.640088413965648 0.54567350448369789 -1.8626766084574271
533 2 4 -2.3872637754393917 -3.9378635375971625 4.534387137584857
534 1 2 -0.91187641354992044 -0.30738905812549022 1.9985290773884259
535 5 -2 0.012588477398370867 -0.63432136839213371 0.0086389144237716195
536 5 -2 -1.185262666643544 -1.325669395024317 -2.0253606133821598
537 5 -2 0.16233027799165045 0.90368517155247385 -1.6167259420529754
538 2 4 1.5303430601188448 -2.7156465019970892 1.5603575876561517
539 1 2 -1.0105234096181031 -2.9277717461303947 -1.9670186941812575
540 5 -2 -0.24595894900775322 0.096741473631197422 -2.0223080017719068
541 5 -2 -0.051932754435696248 0.39290339135474722 0.26366911860902509
542 5 -2 -0.92418006010896359 -0.3723170450942227 -0.25605571711661818
543 2 4 5.3525928008724799 -0.92039779022335289 -1.9791596905740003
544 1 2 -0.36550603112562968 -0.21425011976634672 1.3656864998708738
545 5 -2 -0.85147813173381226 0.16563214591434888 2.6473987173173565
546 5 -2 0.43227065161298589 -0.89377683361875671 -0.26298961487092576
547 5 -2 -5.9513388204879183 1.1703081274409313 -2.1085415254372055
548 2 4 -1.2379154586975318 -2.2693284156322697 1.4020972760549657
549 1 2 0.058018571975150937 1.5160716977858386 -1.0787229367254187
550 5 -2 -0.32294267906412272 1.7923906629800848 -0.77039866914114918
551 5 -2 -0.28520611755041991 -0.85163179077209561 -1.7248522660090795
552 5 -2 1.4962038144659184 -0.33772816397851907 -1.2482594504396138
553 2 4 1.0911092463122298 -0.32124078780735305 0.9098440431309015
554 1 2 -0.4753526971985983 -0.35739366750043761 0.50436586595530286
555 5 -2 -0.58028007692702421 1.1113514445360979 1.4130547144711938
556 5 -2 -0.45087043133610311 -1.5799449758172501 0.29711088452413614
557 5 -2 0.76113080107595454 2.131438446975753 -0.29001839246552347
558 2 4 0.64389454152127035 1.3436835927854425 1.5853268485523033
559 1 2 -0.51303851216750929 -0.63980534144980683 -0.669624524762235
560 5 -2 0.92739639868210255 0.7652616458370517 -2.9630932734148843
561 5 -2 -1.20761783362592 -0.26763420251426184 1.2129859547147539
562 5 -2 -3.6280135152249011 -0.4119716656223914 -0.69884469946116445
563 2 4 3.1637247666882855 2.1198579256304337 2.2397308718764193
564 1 2 -1.0124908211258439 1.2436930431119775 -0.3752271112774897
565 5 -2 1.3127684463098861 0.89971810053627166 0.85316283981480734
566 5 -2 -1.785849537199109 1.2527762112479812 2.6199778157270486
567 5 -2 -0.14589914407692761 -1.6574154771473413 -1.4741806612444328
568 2 4 -1.9521654942320081 3.9370828137605911 0.50507486315691608
569 1 2 -1.1815014721008765 -1.724250460760874 -1.5624061521141235
570 5 -2 2.1675190871885781 0.94358035498638093 1.8949973471831425
571 5 -2 1.1802540830936663 1.8868853072015435 0.27844449568501989
572 5 -2 3.4293761727477934 -0.76431814299738599 0.32092319865340374
573 2 4 -2.8362262417420592 -2.1929456337885673 -0.99867867271771049
574 1 2 0.23954281167583344 -1.7995643411885143 -0.1924453997168187
575 5 -2 -0.63409011720719499 -0.2339169973718222 0.4190520366455141
576 5 -2 -0.83473869266587353 1.3255801664683511 -0.037927174150825707
577 5 -2 2.0163451215192372 1.2568160810805522 -0.12483695295028148
578 2 4 -0.22234306974557028 -5.9272572694168808 1.4316632985351363
579 1 2 0.50907094120712471 -0.33429253611927529 0.95323020061122121
580 5 -2 -1.1373695270326647 0.098615879073564547 -4.118394536408343
581 5 -2 -0.47728718703415501 0.16680834405502379 -0.78733165887616363
582 5 -2 0.19173224967918015 1.258928174464863 -1.7486460267068877
583 2 4 3.4068001251135001 3.4218547009823181 1.1428086072264865
584 1 2 -1.3855392774903157 1.3330160901753847 0.42282737099707812
585 5 -2 2.9551410190612954 -0.24388258462259663 2.147247007698291
586 5 -2 -2.6313973987753556 -2.2028312920955146 -1.7474325968525937
587 5 -2 0.057218496600926129 -1.164840091251343 -1.5342909368671334
588 2 4 3.0930155907643466 0.27217904034665213 0.24985643786289233
589 1 2 0.51708328176455387 2.4304676466970756 -0.57566083292282888
590 5 -2 -1.3786176920679485 2.1871962610273705 -0.19500189208262594
591 5 -2 -0.52072960902836984 1.1475258227896774 -1.9741309669427607
592 5 -2 -1.7143956841360832 -0.91036348932506828 0.29526432012182352
593 2 4 0.94444037021756311 -4.090943476401268 -0.76441320312430838
594 1 2 0.00027408573300400111 1.2899210377014931 0.59493987028524664
595 5 -2 -0.59649213627708442 0.95200987232333001 1.1927394637026243
596 5 -2 -1.1042937836916775 -1.6948031248654634 0.28031499129828247
597 5 -2 -2.2762649175129184 0.42423178919516258 0.80175331644657355
598 2 4 -2.8084825768582311 0.56021998137032258 -0.69502653230028422
599 1 2 1.037939590314237 0.27568148081026228 -0.88532593980559537
600 5 -2 0.27409880940789899 0.050536730482150398 -0.76919121378949906
601 5 -2 0.82303502097787695 1.8282813529752191 -0.32903656366996586
602 5 -2 0.021335604672374744 0.039384623412683568 0.53849466939840018
603 2 4 -0.74034804349226591 1.269025356116626 -2.5980563446648426
604 1 2 -1.7165332333705474 0.74291504040636402 2.3854725017759035
605 5 -2 1.2843261402391786 -0.52638805020203416 -1.722070514755778
606 5 -2 1.4192271696108141 0.2619272115342498 1.1297545143695851
607 5 -2 -1.4882425985183609 0.086686262514671264 2.0795476213213036
608 2 4 -0.6671433919802231 2.4958451118342402 -1.6796558429176689
609 1 2 -1.2419980625964575 0.66199749387578799 -1.1429885634237031
610 5 -2 -0.41226415393095267 0.34692865396114558 0.81296736324769814
611 5 -2 1.7501146237808516 -3.7739698111221749 1.746104526290307
612 5 -2 -2.1278802119971738 1.6040417464531407 -1.0528178065862344
613 2 4 -0.73185686013420703 -2.7786831834496866 1.7690768589903643
614 1 2 -1.4705783287606227 0.51651050420738998 0.6392007136857214
615 5 -2 0.53614200908538889 -0.14223630147326027 -2.4421209599219837
616 5 -2 1.8480375414509393 -0.54954013058227069 -0.11498342729420929
617 5 -2 -0.18621990598325106 0.45524965718991195 -1.7982487027736189
618 2 4 0.86256245279793031 0.2444121441405378 -0.98826313595985638
619 1 2 -0.12204512766263892 1.053475216884753 2.1069696378344585
620 5 -2 0.95785323673019251 1.2699401981010194 1.0237538666359591
621 5 -2 -2.0535325488273029 -0.68030047903798418 -0.028481585449562821
622 5 -2 -2.5449939062991787 -2.8499291743692412 -0.12517293096147097
623 2 4 0.63896764342094425 0.92153503271729376 -0.94004656467792036
624 1 2 -0.32441874969504847 -0.81527818551540254 -1.1219136732797466
625 5 -2 2.460184485072336 0.17760520124385801 4.7334093402142585
626 5 -2 2.3008197154374792 -2.1957599419998313 2.1708681508524701
627 5 -2 -3.111776046209882 1.8560813961966574 1.8454375974757284
628 2 4 -1.9709249483263882 1.6770787073922482 -0.56595268329331938
629 1 2 0.62540896785093592 1.2478170016412464 -1.5992753895626743
630 5 -2 -0.033578892489229323 1.7187638624714758 -0.5073820094324305
631 5 -2 -1.0519924182297744 -0.7379175658317918 1.2321826639562679
632 5 -2 -1.4690019269450878 -0.78470990911259986 -0.47639659940521184
633 2 4 1.521801563193546 -1.4045145573473332 0.92857024970899837
634 1 2 -0.34025437823612137 1.5134595411808094 0.23467693934401992
635 5 -2 2.0301761823178923 -1.0387251250691771 2.4634271282649118
636 5 -2 -1.699273313200548 -0.43350914874647739 -1.0691994901389501
637 5 -2 -0.19856822110150207 -1.2044269466968618 1.0458688533426952
638 2 4 -0.1057763136393098 -2.0877967428244952 4.9172171715442365
639 1 2 0.58206403770048698 -1.0805223984744226 -0.30834720433216467
640 5 -2 0.21629629281046164 -0.58515880929256781 2.9415210794330688
641 5 -2 1.4003104752234896 1.7721491474281594 -2.0806412274569919
642 5 -2 -0.71875892089682258 0.32127991744675199 -0.87202106988227057
643 2 4 1.8677407672761663 -6.364646663209113 2.9109202199958739
644 1 2 -0.71561974489501656 0.88385620986277436 0.93942853247456093
645 5 -2 3.0322496081619428 0.096579995640432389 -0.81354337822400014
646 5 -2 2.33378079709491 0.053674920258091036 -1.8632125575460323
647 5 -2 -2.2242406752268322 2.2671868880045025 -0.33262803273395863
648 2 4 1.2215389875000431 1.6565940853019059 2.8806077766019462
649 1 2 -0.67174683371609389 1.8573664308169109 -0.51482025851272817
650 5 -2 1.0712041822757417 -2.4061409777837426 -1.1813335329693615
651 5 -2 -0.76639425314147713 -3.1768973800434206 0.18944529695911524
652 5 -2 -0.54767709858309732 0.27670683522231165 -0.55395232911260994
653 2 4 -3.1833840438472656 -3.0459918091838416 3.2636296248914212
654 1 2 -1.6471030422735145 -0.65732496322366207 1.7156819561754963
655 5 -2 1.2528528760693609 -1.0045072572629639 -4.63058776727999
656 5 -2 -1.0081424682450182 0.87955874216866581 -0.065882525472154285
657 5 -2 0.81606605902851248 1.1906225958091117 0.81155875766048169
658 2 4 2.0061329003535184 -0.58920802569990149 -0.39920605842807805
659 1 2 1.0482325622454334 -0.85254808179674824 0.28133007927429926
660 5 -2 0.83214466358152606 1.154899133539468 0.023433919502294637
661 5 -2 -1.0829928260823793 -2.1056022802507397 2.631227505628102
662 5 -2 -3.4487737732530075 -1.9301158838271797 0.46170580739729666
663 2 4 0.17697964568322391 -0.55092534253538128 0.90703901653639896
664 1 2 -0.16752155945708835 0.57247295589467562 -1.9833490905670021
665 5 -2 -0.73082957420537531 -0.66812177527662742 0.91362965256770579
666 5 -2 -0.64875697656677944 -0.35499944892863516 -1.5073560070817482
667 5 -2 2.1654621823978437 -0.63597720439333372 -2.700230675141019
668 2 4 -0.9255616770604107 -1.91726669879859 -2.839229548205827
669 1 2 0.33299673839419541 0.57311895306815919 -0.22483874687764807
670 5 -2 -1.5020283718940519 0.38827956363179456 -1.0533513041809575
671 5 -2 -0.28298123759094579 -1.1475044580433889 -0.88908534220312263
672 5 -2 2.5712042179942829 1.261650538192008 -1.2393349418769464
673 2 4 -0.55776549326699798 -0.49363255211650969 -3.2531603194387531
674 1 2 -0.69623793354429242 2.2259467507001047 -0.44254119036512551
675 5 -2 -0.66326026204453625 0.59672048687767942 3.2188769721650012
676 5 -2 0.28816390439711737 -1.6374355293256551 1.8927092489633548
677 5 -2 3.0017717825292833 -0.21229375837879347 -0.54607572085525868
678 2 4 2.0477508164438585 0.85706653454358228 0.86715233054160645
679 1 2 -0.79017430896178353 -0.79315862435261653 0.87940815985335097
680 5 -2 -0.92208477866945504 0.22663075686169643 0.88219605156229264
681 5 -2 0.60312435061884151 4.842869528258853 -1.88108665294791
682 5 -2 -1.8169998004594345 2.1996664154143741 0.6184865757049911
683 2 4 0.20560131898412398 -5.100540252810811 -0.28562731297593363
684 1 2 1.1102463424180169 0.3504862874021355 -0.37916318465387527
685 5 -2 0.19939013825747542 2.3258671181130519 1.8457343440755472
686 5 -2 0.19599385665867952 2.6706206101035317 -1.025630501134932
687 5 -2 6.2350538297512736 1.0549432432829733 -0.1527875739162762
688 2 4 -7.698562615664688 -0.46950705150964245 2.0944564749715138
689 1 2 0.72589956796909083 0.15568637698524376 -0.083287957978642552
690 5 -2 1.9957385952354467 1.4698837041334489 0.23759586614252123
691 5 -2 -1.4564934966206633 1.8584962257296986 -0.66613389838577042
692 5 -2 1.1299598208109518 -1.0591363026190679 -1.6246315110823322
693 2 4 2.9164770787822101 0.050346704312722187 -1.6832277056765665
694 1 2 0.30826291173921538 -0.58995822443332746 -0.64970030300931692
695 5 -2 1.0101151499071082 -0.2547453024505833 0.14846888019223081
696 5 -2 -0.25905915263626389 0.045290823180191488 0.17801557114122091
697 5 -2 1.6902731839395491 -1.2973086299447811 1.0139644499464842
698 2 4 0.65471520470842781 -0.38306904474698678 -5.235764512860003
699 1 2 0.43362142139458898 -0.10358107597325626 -0.27987646768163499
700 5 -2 -0.90093343253063041 1.3092515657241441 0.22844554824648772
701 5 -2 -1.8700750367337566 -2.3121656839081313 3.9681287382250239
702 5 -2 -1.44576062293852 -2.0206741721494224 0.29020408612211868
703 2 4 -0.3594066987593566 -0.31434296820288632 0.0097197583093965589
704 1 2 -0.1648113409174698 0.46604057271385263 0.031682075325225406
705 5 -2 1.576215171746137 1.0314452002792107 -1.1773000684520556
706 5 -2 0.079476062473240641 -1.3222368625226786 2.1147256687477851
707 5 -2 -3.2654863585188116 -0.68963294301227607 2.4435900248141253
708 2 4 0.69569147406261078 3.6130449931854365 -1.2449289050589414
709 1 2 -0.68044903603991846 -0.19155964986002375 0.92752044189965466
710 5 -2 -1.7107064393882487 -0.43983815699103113 -3.2007269397042961
711 5 -2 0.072473565072824667 1.8402583811490525 0.35710526430133405
712 5 -2 -1.2932799157786132 -1.2295668738292234 1.0209096183883182
713 2 4 -0.05330186542583068 2.7434257433192797 0.4516318662863964
714 1 2 3.5693778662835416 0.062013284360402002 -0.70821693588127044
715 5 -2 -1.6893499188182608 -2.5011871423929537 -2.1634679853594836
716 5 -2 0.48451530364340606 -0.62351089151417805 -1.3850625935144112
717 5 -2 -1.4642229255728725 -1.0108153479801285 1.9590344412706617
718 2 4 2.2639101381144293 2.6642837517592879 -1.8954863489783713
719 1 2 -0.75421718779377178 -0.62141635735769618 -2.6568055167573132
720 5 -2 -1.7742613476803799 -1.4801173331155115 1.1242905155406053
721 5 -2 2.0604542402221884 -0.64767462031603984 0.79399801114760149
722 5 -2 -1.0672590019202004 -0.87417297984435893 -0.1478149672239949
723 2 4 -1.3176642707411741 1.9272774158976245 2.0465173899573434
724 1 2 -2.2199665180235724 1.3583891073473848 1.2179605727928942
725 5 -2 -0.91151366412264589 -0.57716260364787275 1.6341750415725511
726 5 -2 -0.41388346279575144 0.026619426050381357 -1.8114418394809506
727 5 -2 0.60910423195713514 -1.5091995638587328 -0.99697487442120347
728 2 4 -1.7346224313459468 -3.142208503893404 -0.20168445319108549
729 1 2 -0.23560239299420843 -0.50215097349534787 0.68442484978579321
730 5 -2 2.5624549269597288 1.6191634544372415 -2.008500529876093
731 5 -2 1.581751336947238 4.2855367589197533 -0.80481445428240794
732 5 -2 -0.70844964587229864 -0.224827735865232 1.7450881173642292
733 2 4 1.1584523527720358 0.76297009310978436 -0.80099159410490839
734 1 2 1.5161256474778615 0.92738300614761737 0.74387498950141839
735 5 -2 -0.060315592956055951 -1.235438766999515 1.4661562870841607
736 5 -2 -0.74553829405070371 1.8429278652641023 -3.7203499812366134
737 5 -2 -2.0344116129682841 -0.031922745097563821 -0.6770619375829362
738 2 4 0.37605850838079879 -2.2559612897554135 1.7654186561942107
739 1 2 -2.3752808512717931 -0.064614009814093334 2.8779114793598324
740 5 -2 -0.32982516417854102 -1.2411918474355454 -0.86156695100580583
741 5 -2 -0.70833959863517082 0.58002178229998935 -0.068070907465219946
742 5 -2 -1.8728627326087457 0.93576298724269602 -1.7337639112468943
743 2 4 -0.43797413749986563 -3.9883403499283192 1.8548333121222338
744 1 2 2.514149624344757 0.098275257241192987 0.76194772190091242
745 5 -2 -1.1016545492372218 0.87961043831034746 -1.1547613720429648
746 5 -2 -1.6933955270559391 -1.796175222800517 -0.80453765837056102
747 5 -2 -0.13593810116786451 -0.45936745021126357 0.46288715958666959
748 2 4 2.2896726644935406 1.7876750487065052 -0.45998052903501246
749 1 2 0.3433015722531142 3.0671590564453526 0.18814151190050768
750 5 -2 -1.7777750505932335 -0.41402469850323836 -0.97369158458626603
751 5 -2 -1.0305719486039389 -3.7078106178009356 -2.3857988873767417
752 5 -2 -0.14264409680994691 -0.87144296247890907 -0.90519373060465524
753 2 4 0.55046104106154436 0.19454649904322571 -3.1368148102820772
754 1 2 2.4497165099458917 0.60398167927892554 1.4589596056752527
755 5 -2 0.24992762628745435 0.25341417926652071 -1.0759468411963633
756 5 -2 1.5732955608204082 0.30692972003722818 1.2853051582747284
757 5 -2 0.25975254750016585 -1.2056808304292146 1.9681341904457372
758 2 4 3.2638302721666106 2.1026391342171107 1.5801342604752735
759 1 2 0.25120548830117523 -0.93534982376951181 -0.20601728531850139
760 5 -2 -0.15252134145215729 -0.91778227226351161 -0.57172543067497805
761 5 -2 -1.3689428140559279 2.1853326327127238 0.35855693101996605
762 5 -2 0.84455395679914613 -0.15235519382261761 0.89871384608856564
763 2 4 1.8685726067095341 0.75004397672238776 0.5043607995234719
764 1 2 1.8294561908253182 -0.61283760222625139 0.13646329781297856
765 5 -2 -1.9916221405119101 0.43553243477493975 0.88249819320488754
766 5 -2 -0.31626523407364726 -2.779467798398064 1.5885515365670511
767 5 -2 0.69763393737842105 -0.010566197630118988 -0.92191252187601136
768 2 4 -2.4186873957211312 1.1803036582527382 2.7788286427193745
769 1 2 -1.2610072939870676 -1.9549797015050026 1.6059306865182739
770 5 -2 -0.27499413320837263 -1.2727300264036583 -4.2656077405183845
771 5 -2 0.31650462297659815 0.22255314315426122 -0.51267309567328601
772 5 -2 -0.1738503253723554 0.5631167776139604 -2.5450511133931419
773 2 4 3.4518662789440104 -0.89758917387788417 2.0128096011620844
774 1 2 0.26851118205689384 0.90890131562502074 1.8502268716409891
775 5 -2 -0.40778915799195181 0.93854098862808644 -3.5533038320234636
776 5 -2 -2.2105408183760478 -0.67453285795791973 0.17894014293228719
777 5 -2 -2.58551279807212 1.609118600935838 -0.70749833809351359
778 2 4 0.50881219329104521 -2.7676322390396964 1.8672166217298962
779 1 2 1.2376981650287124 -0.14281279996611224 0.94890132017398821
780 5 -2 -1.1136546787030905 -0.6719804079228634 3.4499957089319344
781 5 -2 -0.5521925526083884 -0.049036213904471035 0.6118005842263482
782 5 -2 -1.9471070910516857 0.3748778915695572 0.54257781997890164
783 2 4 -0.66439282649093823 1.3212101115903978 -2.284604399050441
784 1 2 -0.87440240774509292 2.3310670623010061 -1.0727508021380812
785 5 -2 1.5802132898996515 -1.0666777813697546 0.22504233771773666
786 5 -2 1.7433845766066691 0.68830458063246081 -2.0438648659219214
787 5 -2 0.79905180084677496 -1.635390996968302 3.4806857941342484
788 2 4 1.9195547321545658 0.14606880570029881 2.4298287772577054
789 1 2 1.7228520384439279 0.84527563748671242 -0.62303685645112528
790 5 -2 0.58146539770408734 0.54523178163766151 -3.1990175267519199
791 5 -2 -0.24592474893174973 -0.92205075335267306 -0.98863454996894007
792 5 -2 -0.13642565823872277 -0.22318506038853703 0.99563410677302866
793 2 4 6.7909967609658644 2.1147409129282195 2.5147423692893223
794 1 2 -0.61609876690278509 0.57815018096270487 -0.16058815367831647
795 5 -2 -1.377916727904269 -1.3484478933777901 -1.7822213193325882
796 5 -2 -4.1635536193546416 3.7785924731195761 -0.57123689257047294
797 5 -2 -2.3014890120328291 -1.4442958004993778 0.5514990804786456
798 2 4 2.1288809211706865 1.0622918102061711 0.59945169596566228
799 1 2 0.12897892898543062 1.2890782383901105 0.15951806872945562
800 5 -2 1.2395225742337468 -1.1943996179295238 0.81684602647177496
801 5 -2 -0.089111516684588929 -3.8408994952048174 0.43842988872102961
802 5 -2 -1.6559408983626802 -0.82426689879886483 0.95865498776472224
803 2 4 -0.564905993089443 7.3993720343419183 3.6993402750358291
804 1 2 -1.5440596196268266 1.7509945730656564 -2.0315633535872171
805 5 -2 -0.40916046440548959 -0.84144079344136402 -2.3505967299262123
806 5 -2 -2.3258937270986744 -0.26248514075480983 -2.3829065499949813
807 5 -2 -0.1570413920045855 -3.0614984771592053 -0.61558658379679643
808 2 4 4.1219248427481174 -4.0846355243313175 -0.10780446293766144
809 1 2 1.1769322715252615 0.90822455172206451 0.74789577613437175
810 5 -2 0.69984797028953238 1.5462737927609915 -0.56304726094396862
811 5 -2 0.42735753877544602 0.30550633589471793 -0.2198395414292833
812 5 -2 -1.4913504901356478 1.4255452306643019 0.25787821554119267
813 2 4 -3.2650610911399971 2.2667674559380382 7.5235277816541721
814 1 2 1.1350036325793409 -1.9398461387727162 0.076496725925789807
815 5 -2 -0.15355646231268646 0.5889984351958536 -5.2011030749951779
816 5 -2 1.7636697322541868 -1.8122690750550325 0.74009118853575573
817 5 -2 -0.34569661527644241 -0.18701510878540067 -0.32730566946339645
818 2 4 -1.1652652954866225 1.1463131162814071 1.9119525753740012
819 1 2 -1.120163250284024 0.17671899714702441 1.0704967244586361
820 5 -2 -0.848895094365688 0.28806853504688501 -2.5087410274975204
821 5 -2 1.8685018920855569 -0.95684058809863137 -0.48170514085648808
822 5 -2 -2.8286430683499395 -1.3730946767654153 1.2594538081579991
823 2 4 1.0852378790101378 0.34646397771187293 -3.404707134447766
824 1 2 -1.3943574353423553 -5.2562172878858311 -0.52025062654790832
825 5 -2 -0.50320581306156842 -1.4025772601028859 0.50228242373766718
826 5 -2 -0.66037636872963201 2.3249641135392074 0.5331356212691285
827 5 -2 3.6974283667369301 0.1066120915901205 3.2751002830503633
828 2 4 3.6443505543581343 -4.3568516002536466 -1.0769956667142422
829 1 2 0.74076385856043125 -2.3837623319096806 2.1693786155599071
830 5 -2 -1.2143191227669525 1.5481979296568449 -3.5417566973085117
831 5 -2 -2.1423197722755485 4.470859296547645 1.9534295971079769
832 5 -2 -3.5005240579883901 1.6459901880638488 1.4741424931931673
833 2 4 3.9321017711980453 -0.73509282247200025 3.4257388246348968
834 1 2 0.50077517938581662 1.2713670527875289 0.42114831988600826
835 5 -2 -1.3779616327982118 1.5853036609174878 2.0126876072391977
836 5 -2 -2.4044593242891596 -0.8028713504715449 -0.00010148863555671777
837 5 -2 -0.31039653706979392 -0.50406266670884481 -0.50121588543000206
838 2 4 -5.0819661687958657 0.75824110108391873 -4.4335539219492928
839 1 2 -3.5296635763120512 4.4371793946916407 -0.86160594576047456
840 5 -2 3.6575507812333048 -0.10109466741470234 3.2932380277704154
841 5 -2 1.8980348695771285 -1.1640865436014649 0.31029481574146583
842 5 -2 6.1895745535795754 0.016384090791611555 5.555825018831988
843 2 4 5.2904542380972845 0.86179723240938511 -8.4762921367556832
844 1 2 0.3983838287361568 1.0613106867515698 -2.3368481598013249
845 5 -2 -1.846658228390555 -5.3714372617790449 2.2931499081806477
846 5 -2 -3.7619336696731738 2.0451873929971196 2.6412552529683206
847 2 4 5.5625821057654781 0.12501924907185627 -1.0472356441201798
848 1 2 -1.7325030159791734 0.78732469164162866 0.96998655219001184
849 5 -2 -1.5419712637716756 -1.4439202471065373 1.1632573739926533
850 5 -2 0.63517129014135609 0.75534588473503073 1.2097215467727336
851 5 -2 0.56853456667395963 1.3206576849876754 1.3670601628191812
852 2 4 0.61982757650360831 -0.76429653985701163 0.6102148157142534
853 1 2 -0.69853541005200748 -0.64292250453654221 -0.76548959610144662
854 5 -2 -0.38854533793530366 0.53101453581456126 -1.5514744652314116
855 5 -2 -0.81559621842943042 1.3839274050657393 0.14821016426256073
856 5 -2 3.8496563604423879 -1.3915248683436912 -1.819592755002259
857 2 4 -1.1847578439796049 1.5613730096569778 -0.23931864018051138
858 1 2 0.56582424476992377 0.017150973290242139 -1.9040025675163552
859 5 -2 0.31389799332191015 -3.1843937929527617 0.13193929501409213
860 5 -2 1.5925451326431026 0.33124224109905398 -0.7796107898873097
861 5 -2 -0.52698381163732166 0.73395053898125762 -0.80124812912363153
862 2 4 1.8190738707288501 -0.72180671808103403 8.1955940119473212
863 1 2 -0.54526204712838611 0.13076977637735318 1.343073309485538
864 5 -2 -0.072206393704797978 0.23648844383327991 -5.9597880257714024
865 5 -2 -3.0193944690957681 0.91603214883652695 -1.659618299057414
866 5 -2 0.82871200794179611 -0.70106149378390414 -0.82892316346030603
867 2 4 -1.7698268722436457 -1.2361121015997663 2.8635700343732271
868 1 2 -1.2865429364918748 -0.84927959833023114 1.5964189731235536
869 5 -2 -0.47865703835839979 0.2990006980874223 -1.4225804153234287
870 5 -2 3.1137253280777899 3.4429938313497619 -1.2561497047867787
871 5 -2 2.7169333226327188 4.2693576732091136 -0.080269221651545236
872 2 4 2.1472774244692667 -5.8294589780424664 -1.6750734893175614
873 1 2 3.1097906499546548 -1.0188659001832958 1.8819929801504038
874 5 -2 2.9188579726767481 1.64671268510887 -3.3430013963582028
875 5 -2 -2.8115819864774001 2.9460147110446866 -1.8263789101225751
876 5 -2 -2.8843151636548536 0.58369617107235205 0.65679113057514726
877 2 4 3.6783378845264441 0.13964415913008701 -3.0133794298847421
878 1 2 -0.8343655874742355 1.3455159027881338 -0.84449017951584537
879 5 -2 -1.3368917812887617 0.30428907682045647 -0.84452525865627914
880 5 -2 -0.021028058118280551 -0.93111125993415289 -0.9886502762155448
881 5 -2 1.9799218557646865 0.77105161949445344 0.65778091120677096
882 2 4 -6.7794246769639903 0.77329917335921028 -1.9476145005442165
883 1 2 1.629246381481126 0.20722696987933611 -0.92920704466729898
884 5 -2 -0.58444106357352643 0.97600600319312758 0.76199499867760623
885 5 -2 0.43184537356190189 -2.0565516280617091 -0.53459121439219948
886 5 -2 4.040844435657557 -1.9191529311519506 -6.4056597130037005
887 2 4 5.9798340144135391 2.6469673734303156 10.919352951835455
888 1 2 0.13049009455060107 0.81415389725754161 -0.37880625535440665
889 5 -2 -0.63331704763049901 0.67502848688065897 0.48564996981485831
890 5 -2 -1.7925786512175377 -2.6766366426369932 -2.5689119376699039
891 5 -2 -2.3155885846039523 1.7273413791155925 -1.7167598810405664
892 2 4 1.4911973035258539 1.9574861239111332 1.875265747544681
893 1 2 -1.0802466695981094 -0.63893196239761696 0.088112082739677314
894 5 -2 3.2591141138590962 -0.33634121575724646 1.1195241903806079
895 5 -2 -0.60688509117542078 0.25105642561100916 -0.63484699693266944
896 5 -2 0.10476347379568467 -0.31698478131464247 -0.028085604915801216
897 2 4 -5.2034534743537861 0.14988573859102283 0.58231181972843549
898 1 2 -0.90331634060028776 0.1088859662820709 1.5149649179017628
899 5 -2 2.1668266408668964 -0.63785148630022581 -1.9217168582661583
900 5 -2 1.8731748227285503 0.23288726154910463 1.0732739723323792
901 5 -2 2.3288702254944273 -2.1923890924159877 0.27296635673578112
902 2 4 -1.7327394848133471 2.3137166432419378 0.60753799842812073
903 1 2 0.85106392977102918 0.76797326014319256 1.1880262034189344
904 5 -2 0.16821253304365463 -1.5892893088554849 2.1189260920600104
905 5 -2 -1.5077919756870319 2.2010269275392984 0.39668718901058181
906 5 -2 2.9199497006657138 -2.0897460650924056 -0.89275640582907412
907 2 4 2.8833655596479786 -0.043155024392396511 2.217672442163761
908 1 2 0.31272499266109666 0.46774905246009446 -0.28293828923703235
909 5 -2 -2.2083091389654168 -0.33879054404720649 -1.7366414385404647
910 5 -2 -0.78820455451252425 1.2078549454374283 -0.65846033499810042
911 5 -2 -1.2021019196085483 1.1034599067841817 -0.46021025072531319
912 2 4 -2.2962605714068398 0.76943323380395667 -1.1887861896770229
913 1 2 -1.8097540068993385 -0.13070593100069847 1.0055487904810119
914 5 -2 1.2788502659323626 -0.82431636558951349 -1.0125439746729634
915 5 -2 1.5836565166782564 -2.565505275924012 1.519549856434071
916 5 -2 0.30285294180623462 0.82868587022503415 1.3101682462964781
917 2 4 -4.6533055569208823 -2.1486735966833312 2.6481952164427738
918 1 2 -0.67031144330753278 -0.85271590323591484 -0.42113010074348733
919 5 -2 1.1047339579026527 1.1755374518919242 -1.0392497790910449
920 5 -2 0.38755598833931881 -0.35698436653833543 0.49777561289519712
921 5 -2 -1.9315512823962524 2.3595792572639445 -2.5543269036754381
922 2 4 -1.223393656188823 1.7626627292204626 0.91248201325150247
923 1 2 0.29961662462297312 -1.0755940031050732 1.2838137778967065
924 5 -2 -0.062585873074338036 -2.6171095780833342 -0.34272674645969436
925 5 -2 -0.094672748610841087 0.25634101944737164 0.20136900192164323
926 5 -2 3.3347152846042549 1.2379027792011066 -2.7465668470545568
927 2 4 -1.6035434786486531 -1.9519824013621179 2.6138968838163321
928 1 2 -2.078116148838272 1.1978216415813239 0.43724333936466692
929 5 -2 1.5533799832089588 1.0420545831102281 0.92523541196361636
930 5 -2 0.51006746436695449 -0.43127596576181509 -1.5474251665787113
931 5 -2 3.4079659116522301 -0.39086996050008549 -0.13163411424548391
932 2 4 1.1064259815575697 1.2078687573010722 -1.5103562221516604
933 1 2 -1.1351849534364356 0.46492574280565857 0.930198221811674
934 5 -2 -0.47481313120585295 -1.9689256344225106 -1.8213400283905201
935 5 -2 -0.14849589778119615 -1.2345076386671412 -3.7098353258202694
936 5 -2 -3.8074953162630396 0.40601351721858586 0.13238846492373385
937 2 4 -2.5436244185713002 0.6707532548002868 -3.9514130333244091
938 1 2 1.1733009616012766 0.03650908887152831 0.27959447348220889
939 5 -2 -0.26054539284836031 -1.5043521284276808 -0.39215458902095601
940 5 -2 -1.5334808255672741 -0.64537451903173071 0.84651628359635256
941 5 -2 2.9943371021353196 0.76810295816819107 1.8673390425062648
942 2 4 -0.74885936839340628 -1.128923458239693 0.21093614869166252
943 1 2 -0.98709314270416848 -0.14126879321289676 -1.4278349445380167
944 5 -2 -1.8784633705905165 1.5748300777562698 0.68324910986125575
945 5 -2 0.2753695176933017 3.7302426564489179 0.19061261921767111
946 5 -2 1.4737026316310473 -0.86523989322079631 -0.86072931333396352
947 2 4 -2.3665709923646165 4.025432309594688 -0.40809159296086434
948 1 2 -1.8089828582477321 0.42440497615049355 -1.0835520190082477
949 5 -2 -1.8864114306343109 -2.6512285223675902 1.0081678314819607
950 5 -2 -1.3501964585254658 -2.6457236831587312 -0.48946264840396353
951 5 -2 -0.69644937099076687 -0.3614045127859305 -1.0239731006536479
952 2 4 0.3135179868481508 2.206528998162395 -0.68884080416684812
953 1 2 -1.2427609955431622 -0.27367120477303708 -1.2300598155409859
954 5 -2 0.67525107326340772 1.124033709387757 -2.2252627135544003
955 5 -2 -0.29928526848721154 -2.4085462505522042 1.8508415504238593
956 5 -2 -2.0974100867504086 -1.5217998903018783 -1.5786158137424127
957 2 4 2.6057938423685805 -0.22444064533289862 2.757911587042722
958 1 2 -0.70191473096663881 -0.20434279126408667 2.251563652432782
959 5 -2 -1.5716641981300081 0.11720167553540739 0.35594675081309995
960 5 -2 0.26012636627298941 -0.043969370360768395 1.9400760186273156
961 5 -2 3.061546429285138 1.0969680896315213 0.91943031110681916
962 2 4 -6.028192540255052 -2.1913289653865213 2.3484273137563969
963 1 2 0.46659521868007098 1.4744411244377875 3.0038106241954452
964 5 -2 -0.15673537717763103 0.19233984641545851 0.36624960514528071
965 5 -2 -1.4645521826621868 0.57299087665018944 0.84377188132523062
966 5 -2 2.0992992575068454 -0.38665861392272127 0.69973175762473883
967 2 4 3.6208217186898581 -4.3976478437662552 -0.10561001180357732
968 1 2 0.36316122629785136 0.40606954854766431 0.39653997185963558
969 5 -2 1.5112743296096034 -0.036106732672983921 4.5602357729603318
970 5 -2 -1.6168914466974476 2.0045957407115216 -0.44603286437601758
971 5 -2 0.34758357083547636 -0.74704324013624379 1.3936144612680421
972 2 4 0.59083157688081023 2.7373990675913284 -7.3293771912253547
973 1 2 -2.8909753185062996 -1.5263967350932122 -0.65925446114395914
974 5 -2 -0.76195089880065991 -1.6358431487028433 -2.7992410929498082
975 5 -2 -0.94232321308688438 1.8707594162434378 0.76355871692559207
976 5 -2 -0.83792807211743736 -0.64741149684430699 0.5093148745508751
977 2 4 0.64307153194491173 -2.241431340260831 1.5202885521456482
978 1 2 0.47963643741046719 -2.5622248762380586 0.26749071326482382
979 5 -2 0.62232274794885878 0.33149904940169639 -1.5006124190122729
980 5 -2 0.12547617172944561 0.20715770469962008 -0.60354021440001382
981 5 -2 -1.2952051973470053 3.1423172293144237 0.3428939864910539
982 2 4 -1.3670703657922281 4.4946485159109866 4.3868738851275104
983 1 2 -1.5957745028156898 -0.71979560277262145 -0.40981503585436296
984 5 -2 0.25770587575348469 -1.8532949771617397 -1.4471029187349906
985 5 -2 0.2982386018204593 1.63498160189286 -1.8385911943813775
986 5 -2 1.3259029057208676 -1.5426099695467002 0.056378535365395652
987 2 4 1.0198532468012587 -1.3293495320477926 -0.92405690839254495
988 1 2 1.4449854086200555 -0.40260825698445818 0.81629924049924196
989 5 -2 1.4152339221789842 1.8102162212049187 0.32719555313206677
990 5 -2 0.66145162350966624 -0.279934999243659 -0.86527959009508071
991 5 -2 0.38532006024068227 1.6897901394338541 2.0017192527581944
992 2 4 -0.585376666346487 0.55264348250703654 -0.38191093101878459
993 1 2 -0.2679837598990818 1.1937349557551129 0.77796897575821411
994 5 -2 -0.13451217090128645 -0.79380399263156942 0.0011141282227687629
995 5 -2 -0.85913196472083186 2.1750413374974142 -0.68177756047261262
996 5 -2 0.38726132004013697 1.2032472387725281 -0.54001968776194664
997 2 4 -1.1109161153381384 1.8503109796723047 0.13632039405066004
998 1 2 1.1151454341293761 -0.42903809009759658 -0.14417386166204185
999 5 -2 1.7180714190949511 1.1172132190926807 -4.4924703219148627
1000 5 -2 1.2785883772655624 -0.52601888868763569 4.3406414509142337
1001 5 -2 -1.9693049383452659 -1.4912621184661341 1.6446769930677541
1002 2 4 2.2059379021564673 1.1526921603971809 -7.6126728400348984
1003 1 2 0.01244731669395718 0.39924092602499472 -0.51283122985340701
1004 5 -2 -0.84424575637601684 -0.47373759531366172 0.7139002673988375
1005 5 -2 -2.1819269298395376 -0.029252740855007529 2.6173032495863997
1006 5 -2 -1.0387821330634146 -1.25254317401608 -0.35071353682046597
1007 2 4 0.35925949587702599 1.5793874306903457 -0.61371736753134765
1008 1 2 0.81690510638448599 1.9820990506848544 0.12999980768702904
1009 5 -2 1.8995655917825371 -0.40064892501232741 3.0196149582530762
1010 5 -2 0.51657726432402074 -3.2944517644631559 -0.83336745658751121
1011 5 -2 -1.2544236223795826 -1.5943538935356449 2.1036797032163941
1012 2 4 -0.50256606923831693 -1.2757804550205636 -4.9531685866608042
1013 1 2 0.45283360013172841 0.21903509945734004 0.7670559122430366
1014 5 -2 -0.2605284594119146 -1.2371148819226097 0.90293929668495254
1015 5 -2 0.065340508331685865 -1.8859644103924449 1.1329695833904208
1016 5 -2 -4.1187649803964392 -0.05925944838306145 -0.81232220597841687
1017 2 4 4.7154695538339659 -2.6587080141719888 -1.0414471012688449
1018 1 2 -0.66754779579438162 0.16156913002212819 0.22854136019510066
1019 5 -2 0.47592467236745367 -0.22429181878752619 -1.0370688665377354
1020 5 -2 0.33515659923768415 2.0308415121839434 0.64681850605863767
1021 5 -2 -0.8999558397364239 1.6229420460556525 1.3094520806352545
1022 2 4 2.5946180718163987 -3.348449508918113 1.769855527212332
1023 1 2 0.15273164345588416 -0.76654467898432532 1.1393120038073312
1024 5 -2 -1.6758986686023307 0.046088938581376054 4.1330932783678804
1025 5 -2 -0.73235856940899768 1.0133297623098321 1.8004478368630146
1026 5 -2 -0.49349886179728591 2.0935612074124927 -2.7165693901646359
1027 2 4 1.6147845776689407 1.1969704507837646 -3.1862731111841103
1028 1 2 -0.40364594966393735 -1.2029282499082101 0.044326086315846856
1029 5 -2 -0.87656475606856299 2.663405168366463 2.7783399526438899
1030 5 -2 -1.0184373584038906 1.624948832541427 0.80011340528390984
1031 5 -2 -0.48059642013551768 -1.4334556502087199 -2.5148022960637442
1032 2 4 -2.563915581055574 -2.5390806342354466 3.4923523960697369
1033 1 2 -1.2159201476759396 -0.016784807454589153 0.55711631247522864
1034 5 -2 -0.5989440991094398 1.9984685231551587 3.7608915998211021
1035 5 -2 -0.65793211464619639 0.26854058843208878 -0.99709711308705795
1036 5 -2 -0.099231387856367856 -1.4527751742920469 -0.83112509936143375
1037 2 4 0.3474872635417946 2.6059904217330967 -1.6682179241714141
1038 1 2 -1.2024642527535974 -0.64257786522596338 0.7386483253577153
1039 5 -2 1.021522465022576 -0.090558394153022179 1.1997872899783004
1040 5 -2 0.92266764362174514 1.8898584128868787 0.75803187969636632
1041 5 -2 0.24562885114698221 -0.61398002718364264 0.91101786544120955
1042 2 4 -0.48449847019514652 -3.1379877335567992 1.9483372783685797
1043 1 2 -0.16849420622770456 0.19181784028688512 0.24968136393980744
1044 5 -2 -0.59846525259407812 -0.48593729640055394 0.73085664014100682
1045 5 -2 0.69987729285338096 3.7159615733795124 -0.52620589661479522
1046 5 -2 2.4522117253029925 0.26412804916716875 -0.84642122086649529
1047 2 4 -0.20335416104209128 1.7503626259294112 1.2463183687740034
1048 1 2 -1.2161054203052162 -1.8961268674229868 -0.34408340596946396
1049 5 -2 0.98679744493143817 1.1445402077600513 -1.2941415205151001
1050 5 -2 -2.2249090832067133 -2.258665307144136 -0.00043759218882095236
1051 5 -2 1.6862603368371198 -2.6094735675228917 -0.66580607575501116
1052 2 4 -0.7870352618013734 -4.299030202233264 -4.1418986969577318
1053 1 2 0.029817520649098036 1.4220861158703575 -2.9575192700479609
1054 5 -2 1.2289672033052883 0.99286264749371889 1.3242831606996874
1055 5 -2 -0.091625265084762042 1.7252167277873429 0.25518320516053328
1056 5 -2 -0.96983814718466743 -2.1463877524694759 -1.5225503784142627
1057 2 4 0.33885325560517537 -1.7760141020963274 0.21823216208649174
1058 1 2 -0.26301119022280711 -0.44122912574886497 -2.6580975249320433
1059 5 -2 1.2392073480994226 0.28506878439250583 0.96319428805323493
1060 5 -2 -0.48655486088933519 2.9214659237071694 0.37603157389580538
1061 5 -2 -2.3253655941059344 -1.8432815394729085 0.089157577906406674
1062 2 4 -3.1769416410675593 0.19918098116156041 -2.9478164798078361
1063 1 2 0.22573656115790011 1.4132513307804675 -0.84994261391351134
1064 5 -2 1.5030594577738787 2.5140446804929497 0.61030343296125811
1065 5 -2 1.3937591334113786 -1.1457048116874704 2.3029663841359711
1066 5 -2 1.731058772516324 0.59083275155492199 1.3430576343303078
1067 2 4 6.6822746459679232 0.016457738131087692 -4.7742518668277549
1068 1 2 0.34221215665455063 0.30488377671263123 -1.6509878083005911
1069 5 -2 0.67516209546578931 -0.82842371541501048 -3.4735341767577044
1070 5 -2 0.63570630835414399 0.49581635440325206 0.67044734380371773
1071 5 -2 -2.8975294966517819 -1.8456204524499096 4.2977155242772662
1072 2 4 2.055709729132877 -2.5060150752145667 2.3949673377279885
1073 1 2 1.2334531015220016 0.3802408710033488 -0.78414729091097157
1074 5 -2 0.35250558867238546 -1.7308977075378766 0.79223192397945097
1075 5 -2 -1.7102717555532356 -1.716018079962883 -1.1059756597101156
1076 5 -2 1.2093737774215252 -0.90401693748191092 0.17933054692213671
1077 2 4 -0.33709013551664968 -0.76867056238005127 -3.1468749516081682
1078 1 2 -0.28980555717668627 0.61545124774897819 -0.35174345799124307
1079 5 -2 0.89675759948951483 -0.71688575369783092 0.83704531582963926
1080 5 -2 1.0916541465201914 0.80388173900310667 -2.4299583549783019
1081 5 -2 3.5939942530997047 0.73138766179281367 1.2207466191497152
