# golden forces for examples/h3o_vuilleumier1998 (partition 0, layout 2x1)
# id type q fx fy fz
1 3 -0.5 1.7027926298374503 -0.41408110167062839 -0.58079760728369556
2 4 0.5 -0.771964970694338 0.69899224199886512 -1.0794974708363907
3 4 0.5 -1.6172138546280934 -0.27395975757597091 1.4020505276154707
4 4 0.5 0.31202236365216535 0.0090967501858455792 0.35222320169792343
5 1 -0.81999999999999995 -0.88951799540922383 0.73609352792137217 -0.40042493707394761
6 2 0.40999999999999998 0.5396994448770992 -0.32525141989404743 0.5030994726492144
7 2 0.40999999999999998 0.013892229475842177 -0.59587279139647331 0.012191799706068278
8 1 -0.81999999999999995 -1.7934947684905336 1.1355153843781742 0.31082506312682429
9 2 0.40999999999999998 0.93771525664921118 0.28689033410733666 -0.73039928655401398
10 2 0.40999999999999998 0.71412222063159725 -1.1726935947198696 0.34438441402397957
11 1 -0.81999999999999995 1.2292315194997256 -0.72855096347975945 -2.0540286095351332
12 2 0.40999999999999998 -0.70273761762392484 -0.35674086517760922 1.4713947885337937
13 2 0.40999999999999998 -0.3418125866900244 0.89500932109071485 0.17386837772662236
14 1 -0.81999999999999995 -0.94418583766018427 -0.19054854602870974 2.2687166659131486
15 2 0.40999999999999998 -0.052614004550486135 0.4316941784003972 -0.17652554936893547
16 2 0.40999999999999998 0.81386779774908935 -0.26020002083047672 -1.8007245689911078
17 1 -0.81999999999999995 0.67568342272017989 -1.106350339885946 -0.22756693649704599
18 2 0.40999999999999998 0.72004159454541239 -0.37497033383520745 0.52935538369313195
19 2 0.40999999999999998 -0.88748848678934578 1.2154065896224953 -0.034908041253520802
20 1 -0.81999999999999995 -0.4344218496730109 1.0583816990760015 0.04285619510584323
21 2 0.40999999999999998 0.38372163454718922 -1.3006322910021728 0.11690561212018134
22 2 0.40999999999999998 0.0018258058275430749 0.47294339298976029 -0.32286983369285055
23 1 -0.81999999999999995 0.41602471188606371 -1.2447073163218327 0.48562330768715856
24 2 0.40999999999999998 -0.31399801605603328 -0.46802435294211892 0.05154124778411958
25 2 0.40999999999999998 -0.29556481408546559 1.1894836333210637 0.0049952843844394751
26 1 -0.81999999999999995 -2.2989564774318256 -0.61269683336865899 0.40695140906954408
27 2 0.40999999999999998 2.5283689853930791 0.57705591785406385 -0.50642754939301371
28 2 0.40999999999999998 -0.20062693412318061 -0.24262332388869318 0.088780441199849736
29 1 -0.81999999999999995 0.80316506862315928 0.88365120252391138 0.71076931212640082
30 2 0.40999999999999998 0.15324383791126098 0.35441261993741613 -0.54400104161045126
31 2 0.40999999999999998 -0.50659910018524934 -0.93483798465965295 -0.39832253125807565
32 1 -0.81999999999999995 -0.59573716521599118 -1.3844725503985473 -2.9440257708433046
33 2 0.40999999999999998 -0.33998350203500954 0.33430246276106523 0.27958990119161176
34 2 0.40999999999999998 0.67471244910106964 0.94479563348140871 2.1516394030595754
35 1 -0.81999999999999995 1.6399973206987748 -0.90772444071636849 0.80763984578600823
36 2 0.40999999999999998 -0.59584654440002649 0.33101490802463412 0.32495805662465699
37 2 0.40999999999999998 -0.61346547864161993 0.62356029389911249 -1.2067040763630048
38 1 -0.81999999999999995 0.5382795439168595 -1.6461382039674324 -0.66761250427758612
39 2 0.40999999999999998 -0.36477407195005651 0.35829568373505294 0.15667248133599981
40 2 0.40999999999999998 -0.12650493866987286 1.123203495106786 0.36123805407500414
41 1 -0.81999999999999995 1.7219052762852121 1.5040484072149962 -0.51446251578643964
42 2 0.40999999999999998 -1.8778776081555975 -2.1815164167283223 0.71849274290758136
43 2 0.40999999999999998 0.039881099819495315 0.42739080239628147 -0.089219461638211719
44 1 -0.81999999999999995 0.45040426520072885 0.26284630936098358 -0.16392905347258646
45 2 0.40999999999999998 -0.46957295955151007 -0.1936950864153846 -0.13976493243755042
46 2 0.40999999999999998 -0.1053641870621843 -0.087075142943146 0.15610101051616485
47 1 -0.81999999999999995 0.059911039929556965 0.88224407570523122 -1.4163783020410667
48 2 0.40999999999999998 0.43369865648070843 0.20877246841295308 0.17588289513803265
49 2 0.40999999999999998 -0.21183388576178783 -1.0532179614276524 1.1755771278509664
50 1 -0.81999999999999995 -0.83199176798756147 0.13538039870290913 -1.7355836615159199
51 2 0.40999999999999998 0.018175648900505176 -0.48458063093012588 0.98234457304436584
52 2 0.40999999999999998 1.2383918953740654 0.30318730058492532 0.94448462746556139
53 1 -0.81999999999999995 -3.4251172103508947 2.1206139544242228 0.96874835042772933
54 2 0.40999999999999998 3.2951437722615551 -0.59440959002635518 -0.24837154775623826
55 2 0.40999999999999998 0.12121619301177879 -1.355253354173841 -1.0091569535167841
56 1 -0.81999999999999995 -1.9721308331277454 1.6618847927722102 0.63251331135162159
57 2 0.40999999999999998 2.0689078496799778 -1.14082518764747 -0.49767386750940079
58 2 0.40999999999999998 0.19425302187790228 0.22957644036401578 -0.03880101079324938
59 1 -0.81999999999999995 0.34730462811555907 -0.02764725094438817 0.56019428509365488
60 2 0.40999999999999998 -0.8956968593525636 0.39797586117780914 0.12891078138417408
61 2 0.40999999999999998 0.70500568439429234 -0.41795801366975871 -0.99741229452183389
62 1 -0.81999999999999995 0.094298400617215478 2.2033806514865635 0.68763623693201859
63 2 0.40999999999999998 -0.0011296285693242483 -0.87273115437558146 -0.1331017421230844
64 2 0.40999999999999998 -0.33183586610763338 -0.60650517202043253 -0.74837061021137974
65 1 -0.81999999999999995 -1.8605663365833864 1.0329339445177028 -1.3734845991167326
66 2 0.40999999999999998 -0.049742405072127967 0.016100346885132375 0.24501198360253706
67 2 0.40999999999999998 1.7775776811895034 -0.9114097544688311 1.7830230390928294
68 1 -0.81999999999999995 2.4587264729036473 1.7838596450525566 -0.67081985792418564
69 2 0.40999999999999998 -2.3129480491470078 -1.6024224276509913 0.30079424810517175
70 2 0.40999999999999998 -0.16084041876362307 -0.2371642584658214 0.19779780461373031
71 1 -0.81999999999999995 -0.46451084490869465 -0.47094826316113381 0.40492952882267225
72 2 0.40999999999999998 -0.058673188239065498 -0.89479977707946956 -0.40677283679816922
73 2 0.40999999999999998 0.29159013720667137 1.1741849663722492 -0.169486305569996
74 1 -0.81999999999999995 0.17745864739385347 -0.46415246538978278 0.58687629164766841
75 2 0.40999999999999998 0.35495721304209427 0.15454493867447569 -0.34700788977175273
76 2 0.40999999999999998 -0.33214409577158344 0.17763162343028338 -0.21226264311373602
77 1 -0.81999999999999995 1.0930280563055543 -0.30571495815211108 -1.2088625284658165
78 2 0.40999999999999998 0.25045745756096749 0.078442161722444587 0.20548031225580796
79 2 0.40999999999999998 -1.3900700332992504 0.27684856021916515 0.80947736844724649
80 1 -0.81999999999999995 0.28302309597301883 0.067464430041710571 -0.44730189040148094
81 2 0.40999999999999998 -0.85616609292433077 -0.08939928223827226 0.32901327121672508
82 2 0.40999999999999998 0.44106686665058381 0.03156260623527115 0.30727189028087765
83 1 -0.81999999999999995 1.0524149908522742 0.58113867114911355 -0.33239183479438544
84 2 0.40999999999999998 -0.33294014976095998 0.044642666158591457 -0.13029028389585698
85 2 0.40999999999999998 -0.69531611216038336 -0.66810588274476468 0.40737985574353458
86 1 -0.81999999999999995 -0.53437641391052426 -1.7039753325633002 -0.0031435578347796781
87 2 0.40999999999999998 0.18058539385306888 1.6065371682492897 0.20276904295881357
88 2 0.40999999999999998 -0.046645986077773975 0.17760779041626537 -0.31721275858420578
89 1 -0.81999999999999995 0.158282790028869 -0.6940287258878447 -0.21661356253093669
90 2 0.40999999999999998 -0.14789517793484927 0.70223928050202433 0.25040337111571381
91 2 0.40999999999999998 -0.35225508761891 -0.09626137129778016 0.24478440975493432
92 1 -0.81999999999999995 0.059523997609580832 1.0428340498427935 0.54938276018490251
93 2 0.40999999999999998 0.16158809063463084 0.55498734624649548 -0.15146384254979789
94 2 0.40999999999999998 -0.39596999699488317 -0.89011694252597795 -0.51926832142219326
95 1 -0.81999999999999995 -0.45756464409494846 0.21863621826532925 0.5871551135428853
96 2 0.40999999999999998 0.11519099742723997 -0.021993040516060991 -0.34769793134843846
97 2 0.40999999999999998 0.074750715140581667 -0.11065772345706938 -0.22128600022365463
98 1 -0.81999999999999995 4.1878889525576 -0.86405911548494019 -0.30067419792377476
99 2 0.40999999999999998 -2.4966111570312557 1.5880359389503278 -0.55597444422559883
100 2 0.40999999999999998 -1.4007713088057832 -0.92743243281507126 0.71265998741272707
101 1 -0.81999999999999995 0.62823237048186309 -0.3886577776186298 -0.17345855245455974
102 2 0.40999999999999998 -0.093246646270184155 0.35064724904074163 0.35211294460548692
103 2 0.40999999999999998 -0.42165362390232308 0.2919611965097561 -0.063464538285516348
104 1 -0.81999999999999995 -0.20951633979347137 1.2484485860699981 0.84648530211867812
105 2 0.40999999999999998 0.21332964763393375 0.31198437978989663 -0.027312145849375479
106 2 0.40999999999999998 0.1138120511611584 -1.4553508445699597 -0.92063521805349913
107 1 -0.81999999999999995 0.15968564087123374 0.83737845134804145 0.2484061297222166
108 2 0.40999999999999998 0.20762676752494205 -0.15380957261334696 -0.13052510370249379
109 2 0.40999999999999998 0.025111967729651141 -0.63556873575862083 -0.26645253582005113
110 1 -0.81999999999999995 1.3529059567457691 1.8050310190355938 -0.20745924524521928
111 2 0.40999999999999998 -1.0726392391477071 -1.8407592728713471 -0.26162702441753405
112 2 0.40999999999999998 -0.18623171376518025 -0.04579962053902821 0.48223631691322938
113 1 -0.81999999999999995 -0.12409490313089072 1.2744393353974062 -0.27489912080896561
114 2 0.40999999999999998 -1.0218766910902783 -1.1797354897131256 -0.17985797913488366
115 2 0.40999999999999998 1.2283175087817582 -0.35313525815046326 -0.048850391788399145
116 1 -0.81999999999999995 -0.064479392382293221 1.692400200607439 2.0849322902287137
117 2 0.40999999999999998 0.43166258437205324 -2.5887258104786652 -0.95673228704277014
118 2 0.40999999999999998 -0.44659644034104762 0.90854505510791017 -1.4390575966392145
119 1 -0.81999999999999995 0.67801419434908161 -1.2442919865639905 -1.1997554520527207
120 2 0.40999999999999998 -1.3736356078044045 0.2213933732573509 0.16128571541431874
121 2 0.40999999999999998 0.2107142337518452 0.42449771570777933 0.2739312472980297
122 1 -0.81999999999999995 0.61479024243756653 -0.83376019052667472 -0.23329383027427075
123 2 0.40999999999999998 -0.50272084699562591 0.42071122225913504 0.31748796585455497
124 2 0.40999999999999998 0.041959036268604998 0.33468911539648055 0.043166535798263919
125 1 -0.81999999999999995 -0.34407402519414582 1.6778740198033371 -0.11462709683636366
126 2 0.40999999999999998 -0.055139458975971022 -0.6938972925777479 0.81547476993148549
127 2 0.40999999999999998 0.28579103363470648 -0.37562570874977858 -0.49792839576372244
128 1 -0.81999999999999995 0.011210627588022484 -1.4538654919215126 -0.099072375102269128
129 2 0.40999999999999998 -0.20242193128990132 -0.072837459457272019 0.14189378474936307
130 2 0.40999999999999998 0.14246822505667317 1.5927705362944797 0.2055905377905369
131 1 -0.81999999999999995 -0.47720124382407891 2.4255657153579397 0.21422059416197736
132 2 0.40999999999999998 0.82052535268255622 -1.7931197529599299 -0.094694708875316502
133 2 0.40999999999999998 0.1701155497388043 -0.1178194851487895 -0.52774104792700149
134 1 -0.81999999999999995 -1.2443366319017466 1.3042521846620114 1.4742882445738161
135 2 0.40999999999999998 0.28716406604627459 -0.25972662973696381 0.011199115210705811
136 2 0.40999999999999998 0.83873242755384114 -1.0006391885704031 -1.71601593248329
137 1 -0.81999999999999995 0.41586069759848293 -0.42625549572490329 -1.925320030824252
138 2 0.40999999999999998 -0.20112440918047839 0.18363034909047804 1.8106746486035159
139 2 0.40999999999999998 -0.10339159822144661 0.075947245044673539 -0.23899481904833331
140 1 -0.81999999999999995 -1.2352462620087827 0.9059692217077483 0.18002483426041169
141 2 0.40999999999999998 0.56677290879620212 -0.45693964530763431 -0.34675710581035085
142 2 0.40999999999999998 0.47116605632830966 -0.4042290258480789 -0.12115766813767001
143 1 -0.81999999999999995 0.62219621387061974 -0.84135244208037074 -1.2757664449612451
144 2 0.40999999999999998 0.50601199371067462 0.43966315662271993 0.76312950575472449
145 2 0.40999999999999998 -0.94510374399867081 0.75615569486491641 0.55605756364846948
146 1 -0.81999999999999995 -1.116079926126017 -0.58459900742601145 -1.2247101347019884
147 2 0.40999999999999998 0.6961317487127735 0.34253275652078868 0.90614333703136918
148 2 0.40999999999999998 0.14479924119528992 0.14193383130133222 0.14792681644174321
149 1 -0.81999999999999995 -0.58762686352486093 0.58903174656086699 0.075686243109920337
150 2 0.40999999999999998 0.30802033825395803 -0.46603754310875078 -0.1811689049942104
151 2 0.40999999999999998 0.27538142619504496 0.11594130956898208 0.20574662502721353
152 1 -0.81999999999999995 -0.18138886916589003 -0.79576333353184026 0.2179468717884179
153 2 0.40999999999999998 -0.2452740272439527 0.71392590595999239 -0.1618431960305817
154 2 0.40999999999999998 0.23363953549557631 0.0049953852960520958 0.02061133717880826
155 1 -0.81999999999999995 -0.050727089838029329 0.54516150063607249 0.097468746604680176
156 2 0.40999999999999998 -0.43746564918376324 -0.69831192797836528 0.059455542208057287
157 2 0.40999999999999998 0.552457444946448 0.17196608083324477 -0.20079256468548887
158 1 -0.81999999999999995 0.07773004770857303 0.071711548625831484 1.6267167630512174
159 2 0.40999999999999998 0.13464103362667237 -0.5487233770348483 -0.27572122043234337
160 2 0.40999999999999998 -0.40271846579410364 0.39413371182789397 -1.4192040615742547
161 1 -0.81999999999999995 0.39292242133795063 -0.61561453161333302 0.83215726342305207
162 2 0.40999999999999998 -0.72209558020849418 0.081180353725836374 -1.081119085854523
163 2 0.40999999999999998 0.21218713215722818 0.52645814025201654 0.22319566838085481
164 1 -0.81999999999999995 -0.1405192138896191 -0.23771727473417498 1.1516340560405989
165 2 0.40999999999999998 -0.26383498722389764 0.25097114142675442 -1.1976942581950361
166 2 0.40999999999999998 0.13757158767086528 0.11544591191156738 0.054475133195825691
167 1 -0.81999999999999995 -1.1979115802945375 0.48567861964748138 -0.28322299082695418
168 2 0.40999999999999998 0.17627637913570723 -0.66793858423045394 -0.096932250988272017
169 2 0.40999999999999998 1.057574677864191 0.358434556382773 0.58098267770169165
170 1 -0.81999999999999995 1.313410215126193 -0.19156840484351151 2.3155124903694353
171 2 0.40999999999999998 -1.3710168772557689 -0.33362860762906821 -0.65958555124058149
172 2 0.40999999999999998 -0.19504955049152911 0.56547345274153571 -1.6597963272686784
173 1 -0.81999999999999995 1.1092273618343593 2.298024816186564 -0.98327178092845813
174 2 0.40999999999999998 -0.1924508439278248 -2.1728055935353634 0.97165842445275008
175 2 0.40999999999999998 -0.89106461888825694 -0.0433714294129132 0.50911925868267471
176 1 -0.81999999999999995 -0.047721080271025035 -0.57612133760016926 -0.057111475204712776
177 2 0.40999999999999998 -0.0088163480558609772 0.021501903131761525 0.4115999043226804
178 2 0.40999999999999998 0.40578694726376086 -0.096844464269416786 -0.35906796170855088
179 1 -0.81999999999999995 0.70220865062905768 0.24988899038184037 -1.130470419192648
180 2 0.40999999999999998 -1.288323973057544 -0.67313897684011059 1.4902517300501925
181 2 0.40999999999999998 0.3068719990811915 0.34548680887260164 -0.50148749929331304
182 1 -0.81999999999999995 0.44953299529833374 -0.6052842357127951 0.0022671226470484425
183 2 0.40999999999999998 0.13566886686979551 0.028531664793860219 0.038510430663218284
184 2 0.40999999999999998 -0.39235717207497095 0.60786874410947667 -0.047752306827263287
185 1 -0.81999999999999995 -0.22486227687543597 -1.3620460583684297 1.3431989196363221
186 2 0.40999999999999998 -0.052845951563364267 0.54723723616563857 -1.2230248002187545
187 2 0.40999999999999998 0.57700587635525857 0.85891546645736594 -0.13192344153097513
188 1 -0.81999999999999995 0.74382826911881139 -0.61778766875183566 -0.66827781047765566
189 2 0.40999999999999998 0.074906584583846469 0.013723297844818438 0.36241756491396826
190 2 0.40999999999999998 -0.7631614915865349 -0.018631591778969132 0.51550559169963051
191 1 -0.81999999999999995 -1.2722042446742801 -0.57167724953178856 0.60968471009012104
192 2 0.40999999999999998 0.268988867838234 0.65277386792998116 -0.51403789625589802
193 2 0.40999999999999998 1.094099194813877 -0.27218905571278795 0.056845013591294812
194 1 -0.81999999999999995 -0.6743498857422825 -0.76287926927550809 0.35222094290621209
195 2 0.40999999999999998 -0.084365583456449844 1.3419978754062172 -0.69345700706639979
196 2 0.40999999999999998 0.80716122422014791 -0.89425999421767532 0.30676182102384775
197 1 -0.81999999999999995 -2.1508804991180304 0.42886693487105954 -1.5084660374842624
198 2 0.40999999999999998 1.4054412134323564 -1.3550329024540866 1.0138396892831161
199 2 0.40999999999999998 0.68580757987725027 1.5627739165305159 0.37656485627402803
200 1 -0.81999999999999995 0.32804318767144663 0.34107977973675763 -0.51240402278791497
201 2 0.40999999999999998 -0.41659919451012678 -0.53386565110127748 0.28283737419308569
202 2 0.40999999999999998 -0.49240820961107651 -0.35244139675359504 -0.581403960647073
203 1 -0.81999999999999995 2.1348945651451894 -0.80143527575184914 -2.0958417316353657
204 2 0.40999999999999998 -0.73742426876528633 -0.51550674783817141 1.6236901670173944
205 2 0.40999999999999998 -0.63352409209763905 0.51784515700203182 0.43963838846121578
206 1 -0.81999999999999995 0.21476822351333275 0.10484571449835596 -0.69703819127301991
207 2 0.40999999999999998 -0.19378712587587343 0.016906070290413314 -0.23262157639370232
208 2 0.40999999999999998 0.21858370732838334 -0.22488472784443478 0.83578361238483545
209 1 -0.81999999999999995 0.075416850858809142 -0.21693669783520991 -0.63563177569983953
210 2 0.40999999999999998 -0.0301008626306608 0.91649822617040311 1.0396425844662069
211 2 0.40999999999999998 -0.40166464211879244 -0.89667515996958069 -0.22518132936656268
212 1 -0.81999999999999995 1.0848632293786227 -0.75943974613569065 -0.081307948993105297
213 2 0.40999999999999998 0.33869532381740297 0.063203547511905156 0.041548720298905863
214 2 0.40999999999999998 -1.354646183700164 0.32355003614217576 0.26310841090604942
215 1 -0.81999999999999995 -0.79333302165548636 -0.81849577191012901 -0.84791144028933518
216 2 0.40999999999999998 0.31077706231139185 0.15815085627914316 0.30258164399800086
217 2 0.40999999999999998 0.41817994716667334 0.35810846893614923 0.37473256186918197
218 1 -0.81999999999999995 0.15735408371056495 2.0622407764033213 -0.84827903256560888
219 2 0.40999999999999998 -0.84217210603137571 -0.98161687095125649 0.99230213598205574
220 2 0.40999999999999998 0.62532240822773399 -1.0272477862141405 -0.1129293953345116
221 1 -0.81999999999999995 -0.91872207489508795 1.6297249668143492 -0.3060776804456467
222 2 0.40999999999999998 0.026269536169479482 -0.3945302287248707 -0.011220521216321073
223 2 0.40999999999999998 0.86884654454368393 -1.2188414237414416 0.76142142695423531
224 1 -0.81999999999999995 1.5669429340882992 0.74554209107090497 -0.8143281552724303
225 2 0.40999999999999998 -0.55759885255015507 0.033847006449226343 0.046198572205897757
226 2 0.40999999999999998 -0.97011212101087196 -0.55441321108760466 0.81303386879337058
227 1 -0.81999999999999995 -1.3221376342308722 0.99420438564696634 0.69600815231001634
228 2 0.40999999999999998 1.0601316625996766 -0.7606265514890459 -0.22670206434364562
229 2 0.40999999999999998 0.061053696349307032 -0.32007459045147069 -0.92186328012086627
230 1 -0.81999999999999995 0.95408151423560128 0.69691269035235226 0.34348628813520848
231 2 0.40999999999999998 -0.5874998529144202 -0.91526902033636159 -0.32986677328260322
232 2 0.40999999999999998 -0.6273731018065184 0.14101048128002774 -0.19096213409645169
233 1 -0.81999999999999995 0.43286422033378313 -2.3048876019620219 -0.10387210045902204
234 2 0.40999999999999998 -0.13617368575145813 1.0446404458755532 -1.2700170125359262
235 2 0.40999999999999998 -0.060553206324390228 0.80387523446224296 1.3039001155764789
236 1 -0.81999999999999995 1.1700523565280592 -0.76340678373390869 -1.265756306309219
237 2 0.40999999999999998 -1.5700561007994165 0.97759368208700759 1.3761632210459198
238 2 0.40999999999999998 0.23713951449481235 -0.33644757028543582 -0.37712518935701428
239 1 -0.81999999999999995 0.04695804726018165 -1.9272411097122832 -2.0848353416819037
240 2 0.40999999999999998 0.40705726361399541 1.1633003955583414 2.3725984059605261
241 2 0.40999999999999998 -0.45134050293141864 0.42890460533876562 0.0086733099040281862
242 1 -0.81999999999999995 -0.23790899197458412 0.50353758318308606 0.66603729111126642
243 2 0.40999999999999998 -0.095239504958355065 0.0067418730651256538 0.1472347413349305
244 2 0.40999999999999998 0.35796890012424598 -0.47732695250068602 -1.0096411423713476
245 1 -0.81999999999999995 -0.14505942138687938 -0.30515970910066709 -0.44454121931435819
246 2 0.40999999999999998 -0.20456914975395266 0.071714079575640563 0.73333755482062202
247 2 0.40999999999999998 0.48375352759300028 0.28579207558128827 -0.12007665144068672
248 1 -0.81999999999999995 0.62734252079414343 -0.6068620361227226 0.63380224924412698
249 2 0.40999999999999998 -0.23094604162738266 0.022689229820694559 -0.60810307680117615
250 2 0.40999999999999998 -0.69709216319562595 0.57410778569988019 -0.064215510332045006
251 1 -0.81999999999999995 -0.49694127835681839 -1.6251064955497607 0.75321865530540466
252 2 0.40999999999999998 0.74080506161374671 1.1449889114080307 -0.11228523341629293
253 2 0.40999999999999998 0.22756748269941288 0.84203334958142306 -0.32921114794197331
254 1 -0.81999999999999995 0.13303014363585966 -0.73647503437163597 -0.34368276883306326
255 2 0.40999999999999998 0.45030320796669171 0.36285160737127015 -0.32067631244901573
256 2 0.40999999999999998 -0.090718668350856804 0.4170879155917257 0.52626670110681661
257 1 -0.81999999999999995 -0.077055549392717915 -0.99461249066432944 1.5077636942652439
258 2 0.40999999999999998 0.71613294092879942 -0.011835108689028201 -0.60150946693137275
259 2 0.40999999999999998 -0.4675360865824304 0.82164304950953337 -0.71524500384535683
260 1 -0.81999999999999995 0.62253681716482079 0.55737329914170197 -0.17837141330385908
261 2 0.40999999999999998 -0.031175685038476762 0.12888104093448705 -0.28912876823644851
262 2 0.40999999999999998 -0.73040190655471504 -0.73742394053063742 0.38014704154082873
263 1 -0.81999999999999995 1.1155602877617676 -0.70301720514936339 0.51698377448290933
264 2 0.40999999999999998 0.22542041083334005 0.56986995758779502 -0.14845508858739512
265 2 0.40999999999999998 -1.2566514105019888 0.5050013430197029 -0.38977302366572814
266 1 -0.81999999999999995 -0.58499057584116643 -0.05630479408997828 1.5901088229114768
267 2 0.40999999999999998 0.14696522095679854 -0.20025719567024414 0.059125594634309116
268 2 0.40999999999999998 0.67076480492273727 0.26666115681954139 -1.7890276767353981
269 1 -0.81999999999999995 0.34504615170292818 -0.15539153286712434 -0.89508973957403204
270 2 0.40999999999999998 0.65751455384621793 0.33023844736321095 0.11081256557662637
271 2 0.40999999999999998 -1.1708387774981404 -0.29432122654237752 0.74413151838920732
272 1 -0.81999999999999995 -0.9455254279434443 0.50461860879589626 -0.12687208276931047
273 2 0.40999999999999998 0.13046700772973116 -0.37777753620575777 -0.049744733463846259
274 2 0.40999999999999998 1.0631435073861437 -0.078017407432754385 0.057296975531249864
275 1 -0.81999999999999995 1.6205199400606241 -3.4277071182071164 0.52211087564319159
276 2 0.40999999999999998 -0.01747967498133805 1.9904240134414886 -1.3687582755323746
277 2 0.40999999999999998 -1.4728278457659885 0.87403893554787004 0.67826129564105075
278 1 -0.81999999999999995 1.8870715721255684 1.0423086020252303 -1.0580299578734642
279 2 0.40999999999999998 -1.6715258227930032 0.47246695658649618 0.71869880721386825
280 2 0.40999999999999998 0.085620449369976259 -0.9520529476894295 0.52914137301745845
281 1 -0.81999999999999995 -0.24050004912807921 -0.13316393988829395 -0.75543692736855006
282 2 0.40999999999999998 0.42134994928198055 0.1076861424979354 0.62705843345912948
283 2 0.40999999999999998 -0.085271481546934091 -0.13979489240627299 -0.15679297749245638
284 1 -0.81999999999999995 -0.65489274991746094 -0.91097244586286796 -1.4265391193131822
285 2 0.40999999999999998 0.36208915688404425 -0.88439491623817623 0.43119688104986781
286 2 0.40999999999999998 0.14136849535408932 1.6956639807053089 1.1645030381268531
287 1 -0.81999999999999995 0.54023256290358412 0.94107049111773666 -1.0360495532725591
288 2 0.40999999999999998 0.14700134905753134 -0.15634047634537512 0.11556625054590419
289 2 0.40999999999999998 -0.78742862328688135 -0.53470814666770761 0.66291777127016716
290 1 -0.81999999999999995 1.2873996583169096 -1.438100529962276 0.14656659165426769
291 2 0.40999999999999998 -1.1136396029687015 0.51540484564667899 -0.60325942849811476
292 2 0.40999999999999998 -0.1288231219889541 0.46271830635864797 0.40520575509744911
293 1 -0.81999999999999995 0.87860822195473864 0.50279094266647251 -0.47976655202453666
294 2 0.40999999999999998 -0.072071447018997967 -0.07602951602786169 0.14661420543977208
295 2 0.40999999999999998 -0.70076818085773263 -0.49752758742169967 -0.09300913258843857
296 1 -0.81999999999999995 0.96869189251856891 0.10279359486742186 0.14610784799657628
297 2 0.40999999999999998 -0.25719836011681835 0.18589202847387185 -0.21027694141000225
298 2 0.40999999999999998 -0.702151307662785 -0.35287584637232683 0.086337523244098852
299 1 -0.81999999999999995 -0.19044827853573223 1.2311188175868171 -0.22729574483064208
300 2 0.40999999999999998 -0.0027749083148385242 -0.11459345825907483 0.31395559582250598
301 2 0.40999999999999998 -0.51349154150160392 -1.2638007876238813 0.18379587907602238
302 1 -0.81999999999999995 2.8512823273107495 -0.27608287565557088 0.23072503169646594
303 2 0.40999999999999998 -1.3231487231013819 0.54365568824032351 0.52135863353323164
304 2 0.40999999999999998 -1.347765704586805 -0.58701556383214781 -0.91306750095258982
305 1 -0.81999999999999995 0.53670022995152056 1.012922599688018 0.16577831937299342
306 2 0.40999999999999998 -0.21189742401485867 -0.97725756992427015 -0.42223251807458495
307 2 0.40999999999999998 -0.3079544664579727 -0.17349713831091079 0.28094540815654018
308 1 -0.81999999999999995 -1.494008253980766 0.26150915740510811 -1.678796395139273
309 2 0.40999999999999998 0.20730941224108623 -0.34397653562626768 1.1657633209475897
310 2 0.40999999999999998 0.98126888950003943 0.14953687303877267 0.30950722350167065
311 1 -0.81999999999999995 -1.930064240824761 -0.15949398945639831 -0.29480935208376746
312 2 0.40999999999999998 0.83866228013178001 0.24461468471339068 1.0047652090492345
313 2 0.40999999999999998 1.1561709102260891 -0.017717210302086551 -0.44854694576587939
314 1 -0.81999999999999995 0.47759255397394101 -0.72838025810848728 -0.97912968580392001
315 2 0.40999999999999998 0.21051825062928342 0.22701598700762651 0.18664002315906644
316 2 0.40999999999999998 -0.66466428422744406 0.46092324668768619 0.63415096507028956
317 1 -0.81999999999999995 -0.57306306528852424 -0.80047303743011522 0.05470097351214525
318 2 0.40999999999999998 1.4353900286342962 0.13465144694612063 -0.56149529183364577
319 2 0.40999999999999998 -0.57684584890678514 0.77405048430955736 0.42414913520741099
320 1 -0.81999999999999995 0.50822561593747395 0.47021067607454509 0.79461408638960718
321 2 0.40999999999999998 -1.1814758548415871 -0.70894701523155779 -0.28865131249397397
322 2 0.40999999999999998 0.47374633892790907 0.34370506451452532 -0.26764593334588277
323 1 -0.81999999999999995 -0.65170254407816719 0.44262575996675158 0.24077778696832589
324 2 0.40999999999999998 0.97517610777631203 -0.25554351155501376 -0.93347429936373405
325 2 0.40999999999999998 0.020526321365482283 0.068347435626144842 1.0041894225539865
326 1 -0.81999999999999995 -1.2367058583969095 0.54404016048274861 -1.187060503461183
327 2 0.40999999999999998 0.13762088767982311 -0.31419685967523497 0.19628315863728929
328 2 0.40999999999999998 1.075669343999422 -0.2119845469939301 0.84947148048938814
329 1 -0.81999999999999995 -0.1618350342032891 0.2839925243628636 0.08769734990400857
330 2 0.40999999999999998 -0.1093694197142524 -0.4807335826146904 0.086414995644369497
331 2 0.40999999999999998 0.18412549596280653 -0.004957346577543916 -0.27460584255768011
332 1 -0.81999999999999995 1.657433979764636 -0.37659718890714083 -2.1187135742201111
333 2 0.40999999999999998 -1.5241914564495667 1.0922681915111254 1.5247921100957103
334 2 0.40999999999999998 0.19355892112947751 -0.4824660834088641 0.29911981924488568
335 1 -0.81999999999999995 1.6897233674476484 -0.86279494456235928 -0.69536354838401804
336 2 0.40999999999999998 -1.4648026214810264 -0.18933074149431658 1.2974611259944093
337 2 0.40999999999999998 -0.539471375099012 0.5013415567373678 -0.28997135837869881
338 1 -0.81999999999999995 1.5216230192027176 2.8760798197367077 -1.7222679582090241
339 2 0.40999999999999998 -0.043376231205542258 -1.2217208947599805 1.7637022010311134
340 2 0.40999999999999998 -1.448403609037429 -1.4897244833952219 -0.33534692897134594
341 1 -0.81999999999999995 0.00079432879737112915 0.31117936206215963 -2.447988646190475
342 2 0.40999999999999998 1.116820242775501 0.48655476548031168 2.5505242873984209
343 2 0.40999999999999998 -0.7037010149201044 -0.47233948409050308 -0.12970944367176968
344 1 -0.81999999999999995 1.4228439649956812 -0.33097191636818846 -2.7556882210647973
345 2 0.40999999999999998 -0.73856769718982274 0.38952401242197665 0.29572116773377477
346 2 0.40999999999999998 -1.0053971939786099 -0.081117387968512131 2.198198831156041
347 1 -0.81999999999999995 0.58594097550779767 -0.507099995560233 -0.80063621008883201
348 2 0.40999999999999998 -0.41569597744026365 0.60544399880958177 0.064928432198620017
349 2 0.40999999999999998 -0.28139957476626742 -0.10924037113957538 0.49517166522968292
350 1 -0.81999999999999995 -2.1415103191705547 1.3598921133631221 -2.6126432843403995
351 2 0.40999999999999998 1.1083095018342248 -0.28596845162414336 -0.2752621110440846
352 2 0.40999999999999998 0.88627199626834752 -1.1347429664259825 2.6241950022994636
353 1 -0.81999999999999995 0.47077412749228176 -0.58734208270579535 -0.1954838954627062
354 2 0.40999999999999998 -0.18673567152931805 0.4202363707415861 -0.17445497370047469
355 2 0.40999999999999998 0.0013707308480021892 -0.1313225622314419 0.67589633456859155
356 1 -0.81999999999999995 -0.2957777297303642 -0.59696261465955947 -0.38416071991110567
357 2 0.40999999999999998 -0.08711227789060752 -0.18539056232159548 -0.062274634130896532
358 2 0.40999999999999998 0.34917957536045796 0.77172513467172343 0.45065643754387796
359 1 -0.81999999999999995 -0.60886155639853157 0.7696492694697088 0.09853500593200408
360 2 0.40999999999999998 0.34413904214590901 -0.46586523545692854 -0.33688188758644355
361 2 0.40999999999999998 0.43443931965546395 0.021962017925651122 0.3962989829344607
362 1 -0.81999999999999995 -1.472971248681697 0.87777656423823547 0.96643513596908748
363 2 0.40999999999999998 0.54823207362067783 0.55425260045378155 -0.41345450658919819
364 2 0.40999999999999998 1.2690018925846318 -1.4796081674988499 -0.82131664118047709
365 1 -0.81999999999999995 -1.1434882886080664 0.61872000027004403 0.1998519754233278
366 2 0.40999999999999998 1.0092868394255712 -0.0015137529933804195 0.33665171090060381
367 2 0.40999999999999998 0.10043404360732898 -0.16757317142752093 0.044596315239812265
368 1 -0.81999999999999995 0.25785506418252629 0.96946256672028752 -0.11761626780477234
369 2 0.40999999999999998 -0.078069938894951216 -0.89308386704821785 -0.40407661227035141
370 2 0.40999999999999998 0.37314134636942348 0.26382002158382417 0.1596569078752656
371 1 -0.81999999999999995 0.59451862536496158 -0.43782406246462025 0.37687723969503212
372 2 0.40999999999999998 -0.45377544393965297 0.1536421540556985 -0.59449288526871957
373 2 0.40999999999999998 -0.62342210833790335 0.13051593732121278 0.26398352837066541
374 1 -0.81999999999999995 1.8090249741150219 0.10186216901544211 -0.17525535177154064
375 2 0.40999999999999998 -0.54977934646490101 -0.65706369230582629 0.033240574527176804
376 2 0.40999999999999998 -1.1200574131769476 0.59733910368970533 0.049826361886177575
377 1 -0.81999999999999995 0.2861638513901632 0.52082027905019157 -1.4330379222493181
378 2 0.40999999999999998 0.28646811183946269 0.19986835662185493 1.3966064353767444
379 2 0.40999999999999998 -0.55434916123462463 -0.78764921144902744 0.23782879739303511
380 1 -0.81999999999999995 0.46357690976618304 -0.82038761066346311 -0.50257206960841971
381 2 0.40999999999999998 -0.62464049114384368 -0.26039533980393037 0.46905469483180212
382 2 0.40999999999999998 0.079600705500002117 0.86258098175363551 0.13311422444104062
383 1 -0.81999999999999995 1.2302478070613294 0.16315507105266569 -0.49941419052754549
384 2 0.40999999999999998 -0.74622344725742362 0.05095642356391443 0.12674832731537949
385 2 0.40999999999999998 -0.037097017797450067 -0.18890799760816862 0.39378413830340331
386 1 -0.81999999999999995 -1.4152749721948841 0.30631061322261127 2.061843140655494
387 2 0.40999999999999998 1.5508785637908773 -0.32100700613036354 -1.7601321545133148
388 2 0.40999999999999998 -0.021107190132686297 0.061298590197200117 -0.44454617842389821
389 1 -0.81999999999999995 -0.89748679005876741 0.27822088934656986 -0.82509309970891609
390 2 0.40999999999999998 -0.86671196421998409 -0.2279628869382066 1.3506553409376343
391 2 0.40999999999999998 1.9089106661760675 -0.054850449739717096 -0.31155234682274108
392 1 -0.81999999999999995 -0.26941074075025095 -2.3006183611002555 0.17857082323391335
393 2 0.40999999999999998 0.24164566708074522 2.0825430887655898 0.80804117150098442
394 2 0.40999999999999998 0.089338202208342266 0.2378650497441856 -0.94423673629268967
395 1 -0.81999999999999995 0.07727893775777761 -0.14125381115956834 0.29876865875790026
396 2 0.40999999999999998 -0.80475717924669976 0.21155458007942471 -0.37035175404384313
397 2 0.40999999999999998 0.46617205850485155 -0.16050293926042042 -0.16046052112917777
398 1 -0.81999999999999995 0.62993771950839539 0.56336558792665048 0.33765185324371161
399 2 0.40999999999999998 -0.24538202110819005 -0.703802228119908 -0.49925059164260943
400 2 0.40999999999999998 -0.32891155426396051 -0.0082964929201614149 -0.012808649434312163
401 1 -0.81999999999999995 1.6133233595014915 1.1862359147912669 0.65032578086194859
402 2 0.40999999999999998 -0.83624694138321032 -0.69047455761415821 -0.42161299807321079
403 2 0.40999999999999998 -0.72067163934557055 -0.23101753187466734 -0.49376668540326968
404 1 -0.81999999999999995 0.65038556825402205 -0.47453902497863554 -2.4438260213616552
405 2 0.40999999999999998 -1.1895439844503461 0.015980699174286999 2.4723315179002752
406 2 0.40999999999999998 0.55968464561888087 0.26235661185567072 -0.16496605092433606
407 1 -0.81999999999999995 1.0310872552720123 0.79192338092781667 0.27396114989527365
408 2 0.40999999999999998 -0.33595763665252026 -0.11907584704342014 0.29896064409292761
409 2 0.40999999999999998 -0.81070619342094918 -0.56302499989593457 -0.38088672330417278
410 1 -0.81999999999999995 -0.47454521566269109 -1.1104514189573647 -2.0808326615186079
411 2 0.40999999999999998 0.22095116318597202 -0.31620665447824259 1.2030801513652198
412 2 0.40999999999999998 0.40234202056293 1.5079105551340819 0.66140958124574634
413 1 -0.81999999999999995 -0.52870019745285513 0.95201772178394339 -1.1587391730921546
414 2 0.40999999999999998 0.38458437664840123 -0.049926644236501123 0.64796502611830675
415 2 0.40999999999999998 0.23163433312021942 -0.52733888366838433 0.094594879674822954
416 1 -0.81999999999999995 -1.4119760179767427 2.5138838262872851 0.21974165430847872
417 2 0.40999999999999998 1.5107950890234454 -1.6126405262211361 0.70293388090882503
418 2 0.40999999999999998 -0.12866613068271063 -1.1806687516545413 -0.88707944311147557
419 1 -0.81999999999999995 -1.2518125796149551 0.50012906679644953 -0.28136279389558577
420 2 0.40999999999999998 0.69436989751786649 -0.73920702179166786 -0.27007640979527431
421 2 0.40999999999999998 0.40952541322072328 -0.31875558302165818 0.38602860316045379
422 1 -0.81999999999999995 1.212525701368435 0.66833440664915933 -0.63396519076180757
423 2 0.40999999999999998 -1.5483196564833892 -0.649830376352449 0.52032815385583497
424 2 0.40999999999999998 0.4321486808502632 -0.023345579910965052 -0.08789109082259558
425 1 -0.81999999999999995 -1.7013548224323336 2.0941075843566521 0.97807391749827777
426 2 0.40999999999999998 1.7371880462168576 -0.25274594206445705 -0.87609245464913976
427 2 0.40999999999999998 0.226739711873718 -1.6903245553008237 -0.23509557376791296
428 1 -0.81999999999999995 1.6462292340731046 0.97642453949343389 -0.03918979673134116
429 2 0.40999999999999998 -0.41346816908582668 -0.79760777132518357 0.2098376733144495
430 2 0.40999999999999998 -1.1394957754234369 -0.16635574782524615 -0.034363016019861477
431 1 -0.81999999999999995 0.29556411479019712 0.31910396538591645 -1.0927368514308486
432 2 0.40999999999999998 0.46076257790335834 0.27086493862510891 0.28536949681754209
433 2 0.40999999999999998 -0.64754312107687684 -0.38984209273415987 0.35997761591918226
434 1 -0.81999999999999995 -0.4045727940436083 1.4426663779986477 -0.3896026818285383
435 2 0.40999999999999998 0.33584638841290881 -0.92528227488947112 0.15451763686514638
436 2 0.40999999999999998 -0.10815952367401797 -0.32217894083994802 0.08009990718534811
437 1 -0.81999999999999995 -0.17355765194690914 0.66192397902360534 0.14390717793815977
438 2 0.40999999999999998 0.078565262284621781 -0.21323632533580203 0.10158214012970458
439 2 0.40999999999999998 0.26557148061589608 -0.31550455353058793 0.019228575255893478
440 1 -0.81999999999999995 0.40714588623361969 -1.9378483644737523 0.60447307649497128
441 2 0.40999999999999998 0.40679437412828123 2.3275477533469853 -0.32748439409900615
442 2 0.40999999999999998 -0.72083019314225372 -0.52553383524452801 -0.26866352737264942
443 1 -0.81999999999999995 0.21046080036928264 0.6218828116691214 -1.9044097902635737
444 2 0.40999999999999998 1.0092149149659129 -0.77703568888895491 1.1330700012139558
445 2 0.40999999999999998 -1.1712150238589669 -0.053479485575440334 0.73482162326255795
446 1 -0.81999999999999995 0.86141233631072833 0.46117890602652578 0.35900930165057537
447 2 0.40999999999999998 -1.256165143373394 0.40780683324221706 -0.047301538481287889
448 2 0.40999999999999998 0.44242002769479821 -0.62794641510253257 -0.45414769473225758
449 1 -0.81999999999999995 0.73348735511961294 -1.3793213191162581 -1.4886263934527784
450 2 0.40999999999999998 -0.30744512260629192 2.0535879506406087 1.2446239936188399
451 2 0.40999999999999998 -0.64248356439902132 -0.53696120766054534 0.1930297752256375
452 1 -0.81999999999999995 0.23768346184351119 0.045917792110618007 -0.5100589854889197
453 2 0.40999999999999998 0.1267717433797825 0.52984025582792826 -0.034174163695784313
454 2 0.40999999999999998 -0.30880020890780574 0.024142615320808577 0.32751807583074133
455 1 -0.81999999999999995 -0.29255551368219668 -0.36793809600824018 -0.23711893451797297
456 2 0.40999999999999998 -0.57107705654547969 -0.29750196900258608 -0.24263862345745157
457 2 0.40999999999999998 0.4965097318397001 0.76121151953169819 0.64212884055519315
458 1 -0.81999999999999995 -1.3007497487417476 -0.24332606768308487 0.85651932791876584
459 2 0.40999999999999998 1.4093709252631257 -0.65877398070957593 -0.34861655851450185
460 2 0.40999999999999998 -0.4309212936949724 0.74610642403059146 -0.37723919720724025
461 1 -0.81999999999999995 0.59027236904781299 2.2851216374060561 -0.8753715985824787
462 2 0.40999999999999998 0.25225488437910276 -0.04201951026311538 0.73585009383800659
463 2 0.40999999999999998 -0.81314782732160606 -1.9953334935403972 0.22534764399953897
464 1 -0.81999999999999995 -0.11440014156910333 -1.5060913585892777 -1.2409790095724613
465 2 0.40999999999999998 0.22809448774094448 0.053825156448258075 -0.028314290386711335
466 2 0.40999999999999998 -0.071499194198958893 1.5955395797092409 1.5736005576843615
467 1 -0.81999999999999995 -2.7957515733198401 -0.16131119433579999 -2.8044044929957419
468 2 0.40999999999999998 0.024823258279365653 0.33113933482058922 2.1811114294447442
469 2 0.40999999999999998 3.013270679619577 0.11485501856901562 0.64402021626330241
470 1 -0.81999999999999995 0.82162495850306994 0.38573395928911597 0.0056887590307870689
471 2 0.40999999999999998 0.25464908777433631 0.5254192573575287 -0.50753114093369422
472 2 0.40999999999999998 -0.88542744275482776 -0.56401862196967445 0.66188587696535139
473 1 -0.81999999999999995 -1.0143113873906939 -0.13692526276747538 -0.22134558349198713
474 2 0.40999999999999998 1.0967135170411808 -0.027472775293344562 -0.41990168283264251
475 2 0.40999999999999998 0.20545565182289247 -0.2676473790346322 0.056433599063326706
476 1 -0.81999999999999995 0.65640672286547186 -0.26587138525422521 -0.12708777891051115
477 2 0.40999999999999998 -0.39813643260159559 0.068339743859178584 -0.028043724591603366
478 2 0.40999999999999998 -0.24508272561865771 0.005155039395087881 -0.15682818054830758
479 1 -0.81999999999999995 -2.5159696549764292 0.90948119540530525 -0.55006290324450202
480 2 0.40999999999999998 1.8610565357810605 -0.16816240597348625 -0.098009281336339613
481 2 0.40999999999999998 0.24495561100397473 -0.24818720183182982 0.46066590915068989
482 1 -0.81999999999999995 -0.9158359440602194 -0.82472710547153294 -0.94805936462991136
483 2 0.40999999999999998 0.44738850093335902 1.4661298547384702 0.21650027385696244
484 2 0.40999999999999998 0.087937399802450369 -1.0799291638481121 0.73143372408399876
485 1 -0.81999999999999995 0.97655122477339584 0.86110365864141081 -0.4468770312418246
486 2 0.40999999999999998 -1.1741515101469309 -1.0337134054814794 0.03624252357381199
487 2 0.40999999999999998 -0.25705329588649467 -0.14493267925704759 -0.11511073577077441
488 1 -0.81999999999999995 0.12260832615774658 0.17462188264076225 -0.53287232045878219
489 2 0.40999999999999998 -0.36655580741757343 -0.25140302514567936 -0.44226450908349307
490 2 0.40999999999999998 -0.21620790571536863 -0.18158829485368377 0.79385901250601076
491 1 -0.81999999999999995 -0.29008428903007544 -0.36342443114722267 2.1825453289894692
492 2 0.40999999999999998 1.5558458496420524 0.313775460835645 -0.53852551197153575
493 2 0.40999999999999998 -1.6759165953264203 0.027188777728815609 -1.2637683696960407
494 1 -0.81999999999999995 0.97995223081430449 -2.3464475693048756 1.2215444089245904
495 2 0.40999999999999998 0.99193854719847285 0.29965736090924833 -0.37763600907986955
496 2 0.40999999999999998 -2.1430504488917377 1.9851345593590983 -0.69462086684855862
497 1 -0.81999999999999995 -0.5761686517731015 0.48992518947370378 0.46603716937212813
498 2 0.40999999999999998 0.5260228187599415 -0.12807359123083145 -0.55708209873275949
499 2 0.40999999999999998 0.39012989637791834 -0.23657081837312044 0.021723909031143327
500 1 -0.81999999999999995 -0.71151604732176499 -0.1341169205044849 -1.4863824124120864
501 2 0.40999999999999998 0.25207035540736072 -0.0097704457632470029 -0.24093532333046924
502 2 0.40999999999999998 0.52520223269330002 0.198269090319936 1.5243062489103494
503 1 -0.81999999999999995 -0.63818313201991561 0.59804920785816817 2.4974371329058709
504 2 0.40999999999999998 0.76718444766290939 -0.1850216751365531 -1.4179391995061807
505 2 0.40999999999999998 -0.83642715172801818 0.23008805694006676 -0.88407724438459334
506 1 -0.81999999999999995 1.0183339180472155 1.0755742957661361 0.67982295887644917
507 2 0.40999999999999998 -1.2323545706787951 -1.0793919154973897 -0.95155222952946172
508 2 0.40999999999999998 0.11424449702295836 -0.35556379457260229 0.32812327733510838
509 1 -0.81999999999999995 2.8955421188546779 -0.77046584409668017 -1.6505831556543895
510 2 0.40999999999999998 -2.1228572270321457 0.06686459363291973 2.2439606331060324
511 2 0.40999999999999998 -0.46647308517899383 0.53547472909355953 -0.16342178977916233
512 1 -0.81999999999999995 -0.33760146346362496 -0.03598583383944097 -0.42560600216178013
513 2 0.40999999999999998 0.43638898127717596 -0.20777776442186904 0.43772106342478989
514 2 0.40999999999999998 -0.026263550115359139 0.18837020772665261 -0.13067652228797116
515 1 -0.81999999999999995 -1.3847027013412792 0.36135205826310457 -2.525418194870269
516 2 0.40999999999999998 1.2557052358901877 -0.10260829031156847 1.6651970500235711
517 2 0.40999999999999998 -0.31700865682170376 -0.22014472135658217 0.63199943795392355
518 1 -0.81999999999999995 -0.4790937148986939 -0.071288834911518884 0.28876759953640585
519 2 0.40999999999999998 -0.15268129341544631 -0.34549171705779413 0.012164131700022762
520 2 0.40999999999999998 0.45234740607182083 0.40341086222296596 -0.22023580821387584
521 1 -0.81999999999999995 -0.55400227568731442 0.54555022308862744 -0.34858788861400603
522 2 0.40999999999999998 -0.18763097283559427 0.4783514714977225 -0.090198334403642583
523 2 0.40999999999999998 0.5620353427396263 -0.87005738738229765 0.20909047558501143
524 1 -0.81999999999999995 -0.17771602642983492 -0.094039231374054691 -0.074302706627962373
525 2 0.40999999999999998 -0.075288255902214524 -0.10358902746183296 0.036814472940021437
526 2 0.40999999999999998 -0.022020865469529673 0.017245462268720986 0.14215127842904182
527 1 -0.81999999999999995 3.2221830682245023 2.4152811053625762 0.62355828227633336
528 2 0.40999999999999998 -1.7239737615352384 0.067551654104058848 0.63576555617045816
529 2 0.40999999999999998 -0.99594741484674598 -2.1797271997245677 -1.1947491876618923
530 1 -0.81999999999999995 -1.8293965644235843 0.6579899774764717 -0.12595944887630989
531 2 0.40999999999999998 1.3746902537615535 0.12641096487024828 0.51276923340252856
532 2 0.40999999999999998 0.29474809010155051 -0.81811365689710847 0.13943289294940536
533 1 -0.81999999999999995 0.9600826558408263 0.21019363541072086 1.1854661009799374
534 2 0.40999999999999998 -0.49871832710408215 0.054197861854406192 -0.24919893095304571
535 2 0.40999999999999998 -0.41220222879178636 -0.1032424360223171 -0.3617183472666235
536 1 -0.81999999999999995 0.93546732894879525 -0.83783114672266901 -0.16833713481187426
537 2 0.40999999999999998 -1.0065731727409675 0.33542453484783569 0.44390482649476093
538 2 0.40999999999999998 0.1384901114420426 0.15627300845251152 -0.2826256235553834
539 1 -0.81999999999999995 -0.30005854075391825 -1.6765544927231364 0.73375868169526726
540 2 0.40999999999999998 0.096186468582862519 0.34844281973988056 -1.1568029617944207
541 2 0.40999999999999998 0.14214451543350312 0.96565054008693252 -0.24015332149345434
542 1 -0.81999999999999995 -0.39814833004926792 -0.46726503467467961 1.1336248771285482
543 2 0.40999999999999998 -0.027324949427907488 0.07064019466004548 -1.6305121174377066
544 2 0.40999999999999998 0.49168048064614994 0.56099018206411477 0.54244586266117867
545 1 -0.81999999999999995 -1.7921105365945089 -2.0152518509549897 -1.4798416758427499
546 2 0.40999999999999998 1.5774243092383777 1.6155589172522917 1.7918738840675914
547 2 0.40999999999999998 0.41374191421840234 0.28249666716609961 -0.044486791038979623
548 1 -0.81999999999999995 0.93323866899858621 -0.30601820997587587 1.3103476343667844
549 2 0.40999999999999998 0.1992766950571922 0.0046844851151165252 0.12145535239630655
550 2 0.40999999999999998 -1.3125476602800732 0.2511598407805537 -0.95030494287097245
551 1 -0.81999999999999995 0.20910900784996084 -0.24171374177409941 -1.3559153138370277
552 2 0.40999999999999998 -0.21519748893962887 0.27943535412108206 1.7453371146362193
553 2 0.40999999999999998 -0.13735017621104711 -0.18710709172224771 -0.40914726892574027
554 1 -0.81999999999999995 -0.054118625587826277 0.7566693633182584 -0.60377580119447483
555 2 0.40999999999999998 0.58727124616616355 -0.01290431923380744 -0.22962214885499196
556 2 0.40999999999999998 -0.72908858671238119 -0.88751651386435826 1.21535194096198
557 1 -0.81999999999999995 0.97006102439002062 -0.051357491911869689 0.24101670667044917
558 2 0.40999999999999998 -0.76068134672817378 0.69597101174449805 -0.047527997194123768
559 2 0.40999999999999998 -0.57321764587006441 -0.54557508088812734 -0.088659584296083935
560 1 -0.81999999999999995 -0.58002782355232985 0.49583767614001117 0.12189547532406472
561 2 0.40999999999999998 0.067448226136135991 -0.047414741641236963 -0.00023058131115735004
562 2 0.40999999999999998 0.30797854438744804 -0.43375849777769204 -0.15179841021111934
563 1 -0.81999999999999995 0.31476363991692208 0.48749026759614755 0.0024455426595472026
564 2 0.40999999999999998 -0.1627138695290869 -0.28407843572589742 -0.04916782237097863
565 2 0.40999999999999998 -0.13077931005303786 -0.3189401077943379 0.25064408934224752
566 1 -0.81999999999999995 0.53599794656376654 1.5723718487077725 0.37133110984187889
567 2 0.40999999999999998 -0.55629322002444792 -0.30544839222547687 -0.65697034179176439
568 2 0.40999999999999998 -0.14172576314066113 -1.125721352491712 0.30751719722440202
569 1 -0.81999999999999995 1.5517209409057537 -0.98488464412256005 -0.61399892213246576
570 2 0.40999999999999998 -0.061373960017774863 0.1530854196853815 -0.74622724743696445
571 2 0.40999999999999998 -1.4025867783140966 0.77120917040476111 1.3830177261436221
572 1 -0.81999999999999995 -0.0607601760837196 0.0089208032568831065 0.69331657669733493
573 2 0.40999999999999998 0.062499715374219757 0.14640839277154127 -0.46974914533881412
574 2 0.40999999999999998 0.0081431385873634507 -0.17346354170165285 -0.063208151504942994
575 1 -0.81999999999999995 0.39587685149524099 -0.23399187580270545 -0.61364599017996668
576 2 0.40999999999999998 -0.51291534526792837 0.38159449303212478 0.18620607360516417
577 2 0.40999999999999998 -0.033512672691318787 -0.12746918431806434 0.22814630147662701
578 1 -0.81999999999999995 -0.40538895178096357 -1.1838291815301201 -0.90373207232713737
579 2 0.40999999999999998 -0.21873435334729416 0.062088342378084305 -0.085129920681202551
580 2 0.40999999999999998 0.2739615712245243 1.4514022733887566 1.4183079526814781
581 1 -0.81999999999999995 0.6072099760435109 0.99805492624175018 -0.68975818820043533
582 2 0.40999999999999998 -0.25892998542655132 -0.68053898529427437 0.58851633766365563
583 2 0.40999999999999998 -0.35712145748632707 -0.05549963339544875 0.18840295466101922
584 1 -0.81999999999999995 -0.9376150874679593 -0.36519694343748177 -1.7331391977999178
585 2 0.40999999999999998 0.81033441592770938 -0.21041375315558811 0.90933794921455879
586 2 0.40999999999999998 0.33258490144814618 0.12998047951292335 0.51029624581768163
587 1 -0.81999999999999995 0.07913140807243145 1.2682500847622549 2.2875941469097163
588 2 0.40999999999999998 -0.23173166124717204 -0.68162650995939345 0.054477106729074007
589 2 0.40999999999999998 0.29149831532266551 -0.54910813603027353 -2.0907529723406872
590 1 -0.81999999999999995 1.7741338121884875 1.4535909519841907 -1.7096598462632386
591 2 0.40999999999999998 -1.5247223935360967 -0.16466130318213471 1.3565169686439877
592 2 0.40999999999999998 -0.35305110368329035 -1.1793485059380282 0.55967927714818244
593 1 -0.81999999999999995 1.0225225458472043 -0.56438399910267245 -0.74401198532445556
594 2 0.40999999999999998 -0.69681123434556347 0.51227122502910161 -0.055583229289799467
595 2 0.40999999999999998 -0.46173482271243294 0.019311010386097886 0.70228700281680367
596 1 -0.81999999999999995 2.0454622163631959 -0.25207065532125095 -0.82193352063785741
597 2 0.40999999999999998 -2.0994969469037335 0.38629559191566071 1.3982433281335371
598 2 0.40999999999999998 0.4303461097430622 -0.02954611625388507 -0.33635677668345187
599 1 -0.81999999999999995 0.58186286337040583 -2.1476084531183028 -0.73264880459852011
600 2 0.40999999999999998 -0.099067361503735504 0.3600980952476307 0.18908268245147455
601 2 0.40999999999999998 -0.81777352342148713 1.9121656249035177 0.44094711989007013
602 1 -0.81999999999999995 0.25444325137298041 0.78010171710840193 1.0115423017033511
603 2 0.40999999999999998 0.05269293238472169 -0.23790508814393385 -0.5313703901640332
604 2 0.40999999999999998 -0.25762149162688502 -0.065370374643750298 -0.14160141570805301
605 1 -0.81999999999999995 1.6803716032807126 -0.53386118620642053 -0.43341029058621267
606 2 0.40999999999999998 -1.2734612839419881 -0.77782215252556675 0.049443789669116257
607 2 0.40999999999999998 -0.36617699644694363 1.1011696099648851 0.43493910766190513
608 1 -0.81999999999999995 0.58940085829277056 -0.014037249441636668 -0.68239393677693794
609 2 0.40999999999999998 -0.27253043712142933 0.15473789111358358 -0.1583148941113349
610 2 0.40999999999999998 -0.086951720803924437 -0.32864042007448308 0.93629179322846978
611 1 -0.81999999999999995 -0.84068841434814401 -0.16526800792378574 0.15109440119310599
612 2 0.40999999999999998 0.7504399461565453 -0.1764535364163462 -0.17950105414843479
613 2 0.40999999999999998 0.27631697669187416 0.26155743768414741 0.038424634028120477
614 1 -0.81999999999999995 -2.6398523986287628 1.8440575051257222 -1.0762444132309876
615 2 0.40999999999999998 0.53086151174790519 -0.79535297923970438 0.14142229266266026
616 2 0.40999999999999998 1.880763028462938 -1.1379223014663686 0.95460475933634525
617 1 -0.81999999999999995 0.5458495319292791 0.65458977660144602 0.036366160225345348
618 2 0.40999999999999998 -0.11116325706801682 -0.24536829246432756 0.33726362828682582
619 2 0.40999999999999998 -0.15124498896153174 -0.39896557500171392 -0.1733508384959643
620 1 -0.81999999999999995 1.2240489234433172 1.1565343973217235 -0.17828736105678836
621 2 0.40999999999999998 -0.55113859042291646 -0.91131815314768438 0.14873109849838681
622 2 0.40999999999999998 -0.56228133787828849 -0.16193013296344694 0.074338020830109763
623 1 -0.81999999999999995 -0.63163981161853289 0.36343130630951853 0.057936430384643273
624 2 0.40999999999999998 0.52146523067069595 0.16252811724151503 -0.3967237427547804
625 2 0.40999999999999998 0.58353356948017021 -0.61307290045113838 0.45744534034382967
626 1 -0.81999999999999995 2.3014667904025572 0.15337820270884434 -1.6015904414405628
627 2 0.40999999999999998 -0.91251969077149364 -0.40787388074773839 1.4683798008652853
628 2 0.40999999999999998 -1.3894110836909508 0.23258753405532262 0.39879707892224886
629 1 -0.81999999999999995 -0.16081969313432543 0.34679863325141358 1.8810732420519751
630 2 0.40999999999999998 0.17085932951614824 0.011747781315685595 -0.055206496687798881
631 2 0.40999999999999998 -0.19055574350743068 -0.19161041654966501 -1.9292194470055783
632 1 -0.81999999999999995 -0.94147734214704304 -0.67237277121130945 -0.052660995691428493
633 2 0.40999999999999998 0.38641344806031919 -0.2563405586665618 -0.47328613205484649
634 2 0.40999999999999998 0.51400634908052445 0.92333905193678945 0.62400144083574804
635 1 -0.81999999999999995 -0.50475928437221917 0.38601152179632908 0.35215946854089142
636 2 0.40999999999999998 1.1664625534396658 -0.70535711841990034 -0.3175048838582698
637 2 0.40999999999999998 -0.81784279950234662 0.024831626643718453 -0.40298104881235847
638 1 -0.81999999999999995 -0.23124531898305153 -0.38884142057968069 -0.11277612239963342
639 2 0.40999999999999998 -0.15933100430896366 -0.11614235266802966 0.24091118536128028
640 2 0.40999999999999998 -0.037785561631394043 -0.0027280158757513164 -0.06573517300517509
641 1 -0.81999999999999995 -1.4841371215790518 0.5624233706586248 -0.1082010845700974
642 2 0.40999999999999998 1.3667826226321358 0.32246416207860945 0.59092522530855662
643 2 0.40999999999999998 0.26500997937842596 -0.76775092294701053 -0.13932079406574563
644 1 -0.81999999999999995 0.96932490523247239 -0.29561158871692772 0.60923434585299341
645 2 0.40999999999999998 0.51965051608689017 0.38190630725605518 0.10137551770655043
646 2 0.40999999999999998 -1.2132573907190065 0.0056067963230206457 -0.68835358842839645
647 1 -0.81999999999999995 0.25863463610298748 -0.065501221197683562 0.82372015993946934
648 2 0.40999999999999998 -0.089708837129435517 -0.15803951197479524 -0.6255712829482406
649 2 0.40999999999999998 -0.14337493241688057 0.21850238849322851 -0.18628957144221409
650 1 -0.81999999999999995 -0.11523400040264435 -0.038221156856452325 -0.84566975412142464
651 2 0.40999999999999998 0.33716945520303454 0.41941134652100842 0.73489316097562274
652 2 0.40999999999999998 -0.38905987713426932 -0.14394566316971832 0.17002185613368059
653 1 -0.81999999999999995 -0.43124362430800717 0.64440341849515159 2.1715292511973807
654 2 0.40999999999999998 0.71568170367010375 -0.52770414243910935 -1.8175562375483023
655 2 0.40999999999999998 -0.24294884251784327 0.077969436895262367 -0.24575373235944725
656 1 -0.81999999999999995 -0.074739865528790361 0.21171442231253573 0.6602242688059089
657 2 0.40999999999999998 -0.35969203980959724 0.045288855100206707 -0.31417667213052725
658 2 0.40999999999999998 0.01956878625087783 -0.6300285616210286 -0.33042757740513096
659 1 -0.81999999999999995 0.067868288014244216 -1.8181504232646706 -0.34668046342896847
660 2 0.40999999999999998 -0.38976996154760396 1.058537274331359 -0.39011842032213734
661 2 0.40999999999999998 0.5872077457507604 0.60750176387090271 0.87482085159025591
662 1 -0.81999999999999995 -0.70823987394686616 -1.6633369371253168 2.4825698573609922
663 2 0.40999999999999998 -0.68344441409425383 1.0727311572267451 -1.8526548667497147
664 2 0.40999999999999998 1.2138381021016289 0.5616197460294543 -0.31139877189892962
665 1 -0.81999999999999995 0.26889183365785402 2.679408042438062 0.36853602183289202
666 2 0.40999999999999998 -0.27205794255026183 -3.2271946024251905 -0.14224709831557092
667 2 0.40999999999999998 -0.22616810343586294 0.31334467236413721 -0.36155488229761196
668 1 -0.81999999999999995 0.52003082894025865 0.59531787359047328 -0.026911888784657105
669 2 0.40999999999999998 0.163776962463587 0.18185424933235789 0.75030543666336091
670 2 0.40999999999999998 -0.3125729131784532 -0.19992916097272664 -0.57267923155355349
671 1 -0.81999999999999995 -0.22937957755005797 0.24118081692627918 -0.99062298028375184
672 2 0.40999999999999998 0.010475377864780453 0.074162345095511242 -0.35637709611697554
673 2 0.40999999999999998 0.24287715446333855 -0.30835178475069752 1.0376945292758268
674 1 -0.81999999999999995 -0.65179574393631856 -0.007288448374420331 -0.55904769294461443
675 2 0.40999999999999998 0.16967795208239533 0.031788866427856659 0.88458478316163003
676 2 0.40999999999999998 0.065276608075447912 -0.29152404840898938 -0.37775656779150352
677 1 -0.81999999999999995 -2.7245228094350677 -0.70779281002318739 -0.52648338032596464
678 2 0.40999999999999998 1.9989167054360983 0.97826348882371894 0.98321832831326406
679 2 0.40999999999999998 0.82151512396293114 -0.54580067125231502 -0.10659980106886142
680 1 -0.81999999999999995 0.71944865256727153 -0.37486693574601232 -1.4810253346949938
681 2 0.40999999999999998 -1.0501964173632685 0.14634380606724429 0.9243980649191591
682 2 0.40999999999999998 0.22902271954703651 0.48761462963472529 0.79791643166846649
683 1 -0.81999999999999995 0.9317085914400387 -0.26229928446452344 0.24209545680144906
684 2 0.40999999999999998 -0.66518795257574925 0.24778889312579871 -0.34230780021372564
685 2 0.40999999999999998 -0.35464016623803807 -0.59360868277421908 -0.079037258856695783
686 1 -0.81999999999999995 -0.3070685816240416 0.49487591445245777 -1.5794189319383865
687 2 0.40999999999999998 0.86276379015638316 -0.92060126641639894 0.35787890277286294
688 2 0.40999999999999998 -0.91426942326609195 0.24836218449591621 1.6105526441647711
689 1 -0.81999999999999995 -0.46191011226705869 -0.53706744949349472 1.2231960684414835
690 2 0.40999999999999998 -0.76145462897803728 -0.23352059148398457 -1.3459807059372726
691 2 0.40999999999999998 0.98069271962232851 0.97568495291740853 0.038736150474898971
692 1 -0.81999999999999995 0.55795330888851202 2.0351444316246674 1.0602361000609908
693 2 0.40999999999999998 0.0075681172882123135 -0.091717646865347238 0.073894284571406232
694 2 0.40999999999999998 -0.59006883181332748 -1.9443269626608493 -1.0534859354433084
695 1 -0.81999999999999995 0.94090322240428659 -0.74678193843186313 0.98202615043958352
696 2 0.40999999999999998 -1.005865617301708 0.38598339026320583 -0.87679299222123164
697 2 0.40999999999999998 0.39320002565481144 0.37357073901990334 -0.67579947962754672
698 1 -0.81999999999999995 -1.2575855122146533 0.30347128234306636 1.3660760531826466
699 2 0.40999999999999998 1.35061672492981 -0.32617755087867545 -1.0144237434875263
700 2 0.40999999999999998 0.45827486253118382 0.47176655218430341 0.11330965877328643
701 1 -0.81999999999999995 0.78633897987142831 2.0435661603564053 0.3892966168826319
702 2 0.40999999999999998 0.92123882504891408 -1.8132425677064774 -0.43265417413683616
703 2 0.40999999999999998 -1.841647738945337 -0.094176049391378872 0.39707901064533996
704 1 -0.81999999999999995 -0.70765241657823907 2.2242244326701242 0.040993264984991812
705 2 0.40999999999999998 0.051723553712400755 -0.95589451063418684 -0.66962017613903313
706 2 0.40999999999999998 0.63090839716203961 -0.75024110209194095 0.33191348577714413
707 1 -0.81999999999999995 0.91873507265298537 1.4102161808579063 -0.53477668346976415
708 2 0.40999999999999998 -1.2848151801437255 -0.52200531173567954 0.093696882174523155
709 2 0.40999999999999998 0.2198477406416417 -0.83638002568179781 0.63663705179377272
710 1 -0.81999999999999995 0.6111179003481011 1.0951236342256152 -1.4195810310004371
711 2 0.40999999999999998 -0.43387765611215684 0.13437693609678289 1.7876833836809016
712 2 0.40999999999999998 -0.24801691668839415 -0.29908641834575106 -0.38014522548980795
713 1 -0.81999999999999995 -1.5054077707675899 -1.0830479383214138 0.22615683668322406
714 2 0.40999999999999998 0.14416552913026412 0.63352459970127573 0.079575523579396332
715 2 0.40999999999999998 0.6063470098715289 -0.0063132485606520201 -0.05087157198119268
716 1 -0.81999999999999995 -0.46482618118954866 -0.21830626915699347 -0.42986520730515304
717 2 0.40999999999999998 0.17926768790209593 0.22007611429877483 0.0457266725999547
718 2 0.40999999999999998 0.40827037877663935 0.26531519039789397 0.62182417095924858
719 1 -0.81999999999999995 -0.45751707241025796 -0.098422739621535443 -0.78855905835505258
720 2 0.40999999999999998 0.6806976927083398 -0.5658508437979819 1.394646475610706
721 2 0.40999999999999998 -0.30213908019305946 0.56066428360459342 -0.43440845694013791
722 1 -0.81999999999999995 0.15394859132008115 0.14947752948117621 0.091969945313203974
723 2 0.40999999999999998 -0.090844830770966903 0.3876107146779344 -0.41646378016309321
724 2 0.40999999999999998 0.031794586999856399 -0.2996827562898845 0.12235811283768276
725 1 -0.81999999999999995 0.48716393057771923 -0.69635069881291911 -0.72493363779974485
726 2 0.40999999999999998 -0.41957071337379498 0.59069637438333411 0.019627007487257951
727 2 0.40999999999999998 0.061146494527183737 0.082941225154154821 0.62302154336520721
728 1 -0.81999999999999995 0.58265477627919104 -0.453325311125924 0.98900705349228724
729 2 0.40999999999999998 0.017382225291240106 0.67845786153774279 -0.020534558557538905
730 2 0.40999999999999998 -0.096393841767670005 -0.38221563278437115 -1.0664731044487701
731 1 -0.81999999999999995 -0.78275872292844528 0.46432942941270644 1.1491969366305921
732 2 0.40999999999999998 0.26801175710748032 -0.13900287123901567 -0.27533403199216738
733 2 0.40999999999999998 0.51611422691204856 -0.11338775948181237 -0.75786679317429673
734 1 -0.81999999999999995 0.42528439839207 0.48780873888409343 0.27028842584060375
735 2 0.40999999999999998 -0.10508581422235018 -0.14181157950109446 0.31980002621986103
736 2 0.40999999999999998 0.32482883871792934 0.064064027230353537 0.022417568250008617
737 1 -0.81999999999999995 2.0579050763733009 2.3898559205859593 -2.6005294130533181
738 2 0.40999999999999998 -0.29386206769369871 -0.26874036247524546 -0.60743651582157643
739 2 0.40999999999999998 -1.7404421445093918 -2.0132797361802934 3.1408708659601245
740 1 -0.81999999999999995 -0.56008176538441856 -1.1891741023873472 -1.8096103071922507
741 2 0.40999999999999998 0.12054213429769602 0.19827896838406778 0.077374392863034963
742 2 0.40999999999999998 0.57799298323273829 0.89555025205828442 1.3915371576988245
743 1 -0.81999999999999995 0.44880721992906708 1.7374749545613177 -0.75536924974580144
744 2 0.40999999999999998 -0.61162265340616406 0.35999660679411766 0.46624563719143292
745 2 0.40999999999999998 0.45931323606538332 -1.9288503758169202 0.7901008909211451
746 1 -0.81999999999999995 -0.54296287299832791 -1.9633589886193867 0.54125273936741192
747 2 0.40999999999999998 1.0969032513349271 0.89038412176817905 -0.38553818114563915
748 2 0.40999999999999998 -0.29933416692434484 0.94157406978110458 0.0093907415086906705
749 1 -0.81999999999999995 0.54031846818606277 -0.15267942339511209 -2.4086482876685578
750 2 0.40999999999999998 0.10997947130632679 -0.46792194366730577 0.2942119268851443
751 2 0.40999999999999998 -0.65743246475006356 0.56326884395682275 2.3690139086120783
752 1 -0.81999999999999995 0.73148071084899291 0.38042563223786369 -0.69760331131665021
753 2 0.40999999999999998 0.03969270855415629 -0.20007639118835741 1.5453497346938403
754 2 0.40999999999999998 -0.94820399831178548 -0.20495946982962918 -0.89436153935089635
755 1 -0.81999999999999995 -0.68350292289449877 0.67931062640571382 0.61926767686647943
756 2 0.40999999999999998 0.094257531298189104 -0.4071439705994751 -0.0066972774328740358
757 2 0.40999999999999998 0.71886346339651686 -0.35539827007689939 -0.53049195930226167
758 1 -0.81999999999999995 -0.68911896084306468 -0.84000088367984349 -0.29990445688957734
759 2 0.40999999999999998 0.58372743414161377 0.77335449850201232 0.1088306252557226
760 2 0.40999999999999998 0.38453606555032732 0.19519583922133241 0.15835578967707956
761 1 -0.81999999999999995 -0.36291403813351603 1.2819306493442515 0.044870742461547167
762 2 0.40999999999999998 -0.10112311403700151 -0.99431239735675092 -0.036469581281546988
763 2 0.40999999999999998 0.2338982670417247 -0.20548290097287666 0.090643628474354254
764 1 -0.81999999999999995 1.3170001791309083 -0.62438636316493235 0.78994866553760168
765 2 0.40999999999999998 -1.1195664094463942 1.6200476644051574 -0.57897548511639507
766 2 0.40999999999999998 -0.22293011659976603 -0.8101964197581154 -0.081710908643830418
767 1 -0.81999999999999995 2.3592600511888868 -1.6350142696215182 -0.051024623097017517
768 2 0.40999999999999998 -0.013036201588024312 0.66186190952260882 0.60665579302223815
769 2 0.40999999999999998 -2.0866138787655601 0.45849364660925279 -0.40812155001507394
