# golden forces for examples/h3o_grimme2015_minimise (partition 0, layout 2x1)
# id type q fx fy fz
1 3 -0.5 0.25616327987289156 -0.78432148103599031 0.079259279017977441
2 4 0.5 -0.049856649563165378 0.078838857334392429 0.21098362522107075
3 4 0.5 0.12467488829450789 0.064658713688261454 0.063171817202869893
4 4 0.5 0.081032063562770026 0.3077960557949288 0.21167001521749218
5 1 -0.81999999999999995 -0.06076891882277128 -0.15381062686119218 -0.078327983617561769
6 2 0.40999999999999998 0.0035396397298016681 -0.09411739098485232 0.068443746793971277
7 2 0.40999999999999998 0.04461997675076753 0.083694096910438609 -0.1056446434731252
8 1 -0.81999999999999995 0.31818406086415557 -0.28653511016885441 0.025847920295947645
9 2 0.40999999999999998 -0.16702210098866543 -0.030473519142761068 0.071973742838853563
10 2 0.40999999999999998 -0.1256198196869332 0.28112626998694995 -0.066695934983914823
11 1 -0.81999999999999995 -0.058201793786140321 0.096457486339834336 0.10730587873132288
12 2 0.40999999999999998 0.078233707971124403 -0.013194639056872492 -0.020839483893985523
13 2 0.40999999999999998 0.001155936740220813 0.22168989599647451 0.069768961592762788
14 1 -0.81999999999999995 -0.11096941972420546 -0.096060643695388484 0.21370997214410736
15 2 0.40999999999999998 -0.053964213621596868 -0.0014434281749615353 -0.10788228725477615
16 2 0.40999999999999998 0.023281179694151319 0.018123219651916322 -0.10288403572975958
17 1 -0.81999999999999995 -0.075084275171279025 -0.13967533242059374 0.17650276372116247
18 2 0.40999999999999998 -0.15171118922993479 0.066299079143826434 -0.06844020502361077
19 2 0.40999999999999998 0.18449804591313923 -0.055840868712950895 0.0069515743203226099
20 1 -0.81999999999999995 0.044451655809385551 -0.059068602846999801 -0.0027337236443354864
21 2 0.40999999999999998 -0.013515313335104031 -0.11237913295667852 0.014147329014777926
22 2 0.40999999999999998 -0.020165605783355498 0.079066605909374102 0.040595818179965368
23 1 -0.81999999999999995 -0.034411977374933213 0.080265964473368978 0.25532075309126462
24 2 0.40999999999999998 0.038659506982110889 0.047473585319598874 -0.070483411411871671
25 2 0.40999999999999998 0.084655373416705995 -0.20067677171789275 -0.04497638528044836
26 1 -0.81999999999999995 -0.098323491971660182 -0.0036757917475524608 0.069936629732426175
27 2 0.40999999999999998 0.1279116734082191 -0.096817934968542171 -0.024340874481267583
28 2 0.40999999999999998 -0.046708781507620332 0.07179897476161172 0.05145659762155453
29 1 -0.81999999999999995 0.13788812363181777 0.094505327951348986 -0.077193267402842755
30 2 0.40999999999999998 -0.023011599284175364 0.033817108413803969 0.090768899838949951
31 2 0.40999999999999998 0.07502565215932136 -0.030653745480919582 0.10921048687101777
32 1 -0.81999999999999995 0.11352273243260481 -0.033607317448022124 -0.17756666978884825
33 2 0.40999999999999998 0.061457242501532137 -0.24856348522050406 0.051280742089121222
34 2 0.40999999999999998 -0.025996080042612394 0.11068723464476325 0.11770893567555649
35 1 -0.81999999999999995 -0.13984662059847283 -0.044162650147478145 0.25506556035522787
36 2 0.40999999999999998 -0.25540264969903115 0.00099295604569344179 -0.084701670030280479
37 2 0.40999999999999998 0.082930230678253239 -0.098992943018161111 0.082334660824642331
38 1 -0.81999999999999995 0.038840490344655851 -0.019668842485183021 0.0059918664280091682
39 2 0.40999999999999998 0.00072653260185693137 -0.00020850790186402007 -0.065245288234442589
40 2 0.40999999999999998 0.063502862321440048 0.10411504906386698 0.0068035258855543282
41 1 -0.81999999999999995 0.11427645968505162 0.1354787888244223 0.094076943958095335
42 2 0.40999999999999998 -0.017227380878114821 -0.01299990076209215 -0.1200366393065774
43 2 0.40999999999999998 -0.075866897088199256 0.0091900846198078607 0.063016615382701882
44 1 -0.81999999999999995 0.030773023003259244 0.012912255816660678 0.099701815739536404
45 2 0.40999999999999998 -0.063473328456672182 -0.10379437528629107 -0.12408235204534361
46 2 0.40999999999999998 -0.045977854511851032 0.067966654100600821 0.24608601467192456
47 1 -0.81999999999999995 0.16734154244412289 -0.17336339683995294 0.17207738597098418
48 2 0.40999999999999998 -0.069274965531883559 0.11625534240458241 -0.17967883743127913
49 2 0.40999999999999998 0.091752273131042519 0.025802277539944692 -0.036282504526861721
50 1 -0.81999999999999995 -0.00037156302545018037 -0.13138984276167814 0.16772717668482601
51 2 0.40999999999999998 0.15832913989429734 -0.10614185235626603 0.04741897250388355
52 2 0.40999999999999998 0.13526647486971366 0.012383246133383824 -0.074349732161710064
53 1 -0.81999999999999995 -0.082015800208101952 0.12523510239921221 0.0017821343251942531
54 2 0.40999999999999998 -0.1639832838194589 -0.05640050805595432 -0.099823018395654425
55 2 0.40999999999999998 -0.0026275465609091097 0.050200477069054811 -0.086650206807223226
56 1 -0.81999999999999995 -0.25458830800057408 0.11051872993474005 -0.011938806744586921
57 2 0.40999999999999998 0.11917075527666 -0.20353822692081613 -0.071598668635851431
58 2 0.40999999999999998 -0.0078839540122916489 0.10656833763723646 0.0397690466108662
59 1 -0.81999999999999995 0.025743504904319731 0.067546210244174273 0.0012679124425813975
60 2 0.40999999999999998 0.12756875016810412 -0.10363654494257189 -0.18732243830663689
61 2 0.40999999999999998 -0.080582986825276967 0.041180463919882143 0.23032145461308043
62 1 -0.81999999999999995 0.026211402386111204 0.1428546689992736 0.13508411571346196
63 2 0.40999999999999998 0.022970729131498419 -0.12747987447258838 -0.031904405056071311
64 2 0.40999999999999998 -0.04045878474470891 0.013246177021641877 -0.12715423505436138
65 1 -0.81999999999999995 0.01009637269952047 0.032226350113200748 0.1783500530599737
66 2 0.40999999999999998 0.053965133903478693 -0.10198879686353372 -0.073884130040646909
67 2 0.40999999999999998 -0.10109152800035558 0.065462705175069788 -0.11284262173239586
68 1 -0.81999999999999995 -0.053012802213689869 -0.03066155084694356 -0.20463932093897835
69 2 0.40999999999999998 0.04962598968944467 -0.0036442839621385948 0.028801015082361815
70 2 0.40999999999999998 0.0051893746319842194 0.0041041365707544875 0.20164292750854837
71 1 -0.81999999999999995 -0.039650237277021549 0.0060574467804785969 -0.071094782201106432
72 2 0.40999999999999998 -0.10298502647438804 -0.11240545500433331 -0.0048587885811808233
73 2 0.40999999999999998 -0.026342263515267306 0.076980427839044588 -0.055587103629860565
74 1 -0.81999999999999995 -0.019398058522201139 0.063443473086406466 0.048356157725686681
75 2 0.40999999999999998 -0.012628922579071469 -0.045670490399546591 -0.079414034561515787
76 2 0.40999999999999998 0.12135076039598133 0.0006853625888811703 -0.071675626536752413
77 1 -0.81999999999999995 -0.019836662061336358 -0.047423525919219389 -0.076281324174278409
78 2 0.40999999999999998 -0.096375719220694905 0.025410146437279076 -0.049744976843416784
79 2 0.40999999999999998 -0.01498165048569176 -0.015920803583147364 0.05948991762861925
80 1 -0.81999999999999995 0.11886880180805352 0.12399612329886016 0.0527850125380828
81 2 0.40999999999999998 -0.086364545794088116 -0.12999891176303674 0.019936225089591926
82 2 0.40999999999999998 -0.0399971155496796 0.027097681643424711 -0.11690212664845674
83 1 -0.81999999999999995 -0.027294026390250685 -0.099211135878163353 -0.0084580129700582932
84 2 0.40999999999999998 -0.056933321714436345 -0.0039906991587425524 0.058361083251247697
85 2 0.40999999999999998 0.034259639937445983 0.056553047258376669 -0.021758696060479348
86 1 -0.81999999999999995 0.14358463116833686 0.030449766119357468 -0.071529326675463412
87 2 0.40999999999999998 -0.15197914376815994 -0.18988582819082897 0.10593982618773182
88 2 0.40999999999999998 0.12894461278710906 0.085664992399622553 -0.11952551189247854
89 1 -0.81999999999999995 0.13573835803789039 0.030972431885955928 0.00064078708945215453
90 2 0.40999999999999998 -0.03598745118866524 0.0054816956633180428 -0.058993882535120265
91 2 0.40999999999999998 -0.027409314235549077 0.043406640871539115 -0.077042525832586348
92 1 -0.81999999999999995 0.18328204473666115 -0.11777091877873473 -0.083006116760287879
93 2 0.40999999999999998 -0.036069503823739704 0.050127618916929295 -0.083678943463410135
94 2 0.40999999999999998 -0.05920833634065667 0.11411942461828964 -0.013216691984589949
95 1 -0.81999999999999995 0.10740126906553503 0.029835583456888411 -0.020346457923585907
96 2 0.40999999999999998 0.029285441667641642 -0.004860723189494735 0.013451731803377798
97 2 0.40999999999999998 -0.1099402740794022 -0.0041356700459336902 -0.051537335038309831
98 1 -0.81999999999999995 0.1473467524689811 -0.039264121701609131 0.0013371717122673955
99 2 0.40999999999999998 0.0088606278991451987 0.097670266786023904 0.0034963045135641027
100 2 0.40999999999999998 0.0085158262083379569 -0.11850517994262424 0.015934311964693207
101 1 -0.81999999999999995 0.1607214287707748 0.1511550293874542 -0.015033583235930471
102 2 0.40999999999999998 0.017662217216893348 -0.0015995037704132423 0.077575806977123338
103 2 0.40999999999999998 -0.15190249771578218 0.081509932468848467 -0.015343150792302017
104 1 -0.81999999999999995 0.042930903711706832 0.046782416303471915 -0.047080326587965515
105 2 0.40999999999999998 0.0082250977063697984 0.036752941838751683 0.0076151321623795206
106 2 0.40999999999999998 0.036316917811022073 -0.066945885087682636 -0.083070193123331373
107 1 -0.81999999999999995 -0.035723432442230856 -0.24960544639512536 -0.012278622944609815
108 2 0.40999999999999998 -0.16825881816678753 0.043122406072329457 0.097765040306545883
109 2 0.40999999999999998 -0.0034713278768978119 0.080154836066919921 -0.14978301436880678
110 1 -0.81999999999999995 -0.028002168249358778 0.031738560528912781 -0.097287079243335212
111 2 0.40999999999999998 -0.011415103115844937 -0.12513839152736933 0.16475263783774902
112 2 0.40999999999999998 0.050591429493162907 0.032336884951886607 -0.011210384602639029
113 1 -0.81999999999999995 -0.011516473823106495 0.10455526825632266 -0.025526400794482113
114 2 0.40999999999999998 0.10275096017424634 0.065226065301028355 0.0081595533528226044
115 2 0.40999999999999998 -0.080521770131632475 -0.01998853505233392 -0.0088522105258919438
116 1 -0.81999999999999995 0.095750822048166373 0.11877895386377753 0.029572547931113236
117 2 0.40999999999999998 -0.087999703722939901 -0.24876679315820954 -0.014750184271986324
118 2 0.40999999999999998 -0.15353571584357298 0.23670213168869492 -0.050553806240044956
119 1 -0.81999999999999995 -0.11795860147330095 0.057696146015244212 0.10401118281423936
120 2 0.40999999999999998 0.17220428308398952 -0.10908353889312419 0.035513176896535256
121 2 0.40999999999999998 -0.024450198385827734 0.042769328730634326 0.11187834480290058
122 1 -0.81999999999999995 -0.017631941179962252 0.018727835474328929 -0.093643738103633523
123 2 0.40999999999999998 0.021084511822731303 -0.0072935907492742225 0.12763508601225562
124 2 0.40999999999999998 0.017640862407896807 0.15924808645084157 -0.1137280749244003
125 1 -0.81999999999999995 -0.12358647199122536 -0.037908332105806873 0.067764735246337929
126 2 0.40999999999999998 0.047572403184958048 0.017919212045385369 -0.16295567552502929
127 2 0.40999999999999998 0.083867534784352216 0.093381695970530754 -0.072553553043047891
128 1 -0.81999999999999995 -0.12533489182897617 -0.0025628358949882795 0.092756500910133585
129 2 0.40999999999999998 -0.061565321114390982 -0.12551748734496113 0.0460004065817314
130 2 0.40999999999999998 0.1598974572618477 0.091492767912651984 -0.023749936943866914
131 1 -0.81999999999999995 0.033435715622453732 0.13650868564601693 -0.1097214627251162
132 2 0.40999999999999998 0.04791106290128215 -0.049784408314153795 0.082392776083557911
133 2 0.40999999999999998 -0.17654760456934679 -0.00047958554696514384 -0.041317423164967518
134 1 -0.81999999999999995 -0.013537198979437191 0.084576757109134468 0.05069830589798769
135 2 0.40999999999999998 -0.041945694897705284 -0.10423518572832763 0.014759629851393044
136 2 0.40999999999999998 -0.038991485842523321 -0.083834312625635538 -0.03499324000009757
137 1 -0.81999999999999995 0.026893786097657045 0.0072035881396520689 -0.049788562673551071
138 2 0.40999999999999998 0.066012085086847194 0.052805443759622622 0.074585382819936152
139 2 0.40999999999999998 0.051266476400934041 -0.052039394539523227 -0.017338944389292284
140 1 -0.81999999999999995 -0.11166006754631418 0.093451232092040856 -0.13870902496213522
141 2 0.40999999999999998 0.010020216983458643 -0.023173267842555412 0.020679063810726862
142 2 0.40999999999999998 0.12205683781694339 -0.11099841359053486 -0.099428414636619361
143 1 -0.81999999999999995 0.13991058225881428 -0.034381647290992662 0.078066697037772054
144 2 0.40999999999999998 -0.063353903774938491 -0.07749435034273093 -0.062725528011555717
145 2 0.40999999999999998 -0.019670716584459982 0.028265681290295656 -0.061919972011487939
146 1 -0.81999999999999995 -0.068935250308599136 -0.12633200280438595 0.054158696945769191
147 2 0.40999999999999998 0.081158270625604392 0.011610633698805835 -0.066392831950377679
148 2 0.40999999999999998 0.062890834004374147 0.0056004288133110515 -0.014874836454637164
149 1 -0.81999999999999995 0.0019967664013998991 0.036295639435383241 0.11602796022080775
150 2 0.40999999999999998 0.0047153005526515681 0.076558714205308895 -0.014192752936675771
151 2 0.40999999999999998 -0.021905467984254381 0.0040925009670100525 0.10110534894388987
152 1 -0.81999999999999995 0.054440605163703776 -0.047112925338672611 0.094385266539367782
153 2 0.40999999999999998 0.03221071057873421 -0.14807386977306547 0.050649769017885392
154 2 0.40999999999999998 0.064036791266983209 0.088153821412285754 -0.023011342541098472
155 1 -0.81999999999999995 -0.076126945034741503 -0.0075310588173447598 -0.11819906997355563
156 2 0.40999999999999998 -0.054048805132087589 -0.096647742854930482 -0.032854953672412486
157 2 0.40999999999999998 0.018708583684661436 0.15509851727849963 0.003318604843006401
158 1 -0.81999999999999995 -0.22936892358922656 0.069922679570822807 0.31397026149766688
159 2 0.40999999999999998 0.11290166712950772 0.054791678451500549 -0.16056702542458737
160 2 0.40999999999999998 0.032412163859960902 -0.028624356325979733 -0.17915988561117691
161 1 -0.81999999999999995 0.03503414282013035 -0.060291972584290261 0.00088790593051947064
162 2 0.40999999999999998 -0.094831213902978648 0.061875954722153508 -0.022267057676788271
163 2 0.40999999999999998 0.082495141875440631 0.087086400784245427 -0.040549199798701668
164 1 -0.81999999999999995 -0.073989860869099006 0.028651805450285249 0.029710432148651277
165 2 0.40999999999999998 -0.048668875527952064 0.0043290981468179553 0.005566600217267648
166 2 0.40999999999999998 -0.040470147706436359 -0.065649318842210549 0.09437212332238118
167 1 -0.81999999999999995 -0.030399233621359337 0.28864356796603785 0.10175763629627765
168 2 0.40999999999999998 -0.015441113316866713 0.028326055443693092 -0.011049786166362856
169 2 0.40999999999999998 0.10576959514428722 -0.086857434394860267 -0.066223577119503108
170 1 -0.81999999999999995 -0.043506858901481961 -0.071586887178449646 0.046749313240636747
171 2 0.40999999999999998 -0.054654875391163003 0.097535524147023059 -0.12307602954925824
172 2 0.40999999999999998 0.030356452907233454 0.049482178846250301 0.082758215662976004
173 1 -0.81999999999999995 0.0036546617031373674 0.13616161735918306 -0.026905613635853375
174 2 0.40999999999999998 0.017851828787617364 -0.058447028247519087 0.12329555374690038
175 2 0.40999999999999998 -0.11083299413415761 -0.021614647793162012 0.061676428243445588
176 1 -0.81999999999999995 0.12459389423341616 0.050301055615477541 0.029665731829155249
177 2 0.40999999999999998 -0.043808588103718592 -0.04505638673832095 0.0025596201854952839
178 2 0.40999999999999998 -0.14462918254292365 0.033927309261565765 -0.0014194873769398156
179 1 -0.81999999999999995 -0.15671806827595097 0.048628711666973329 -0.12460658718756978
180 2 0.40999999999999998 -0.15249577393562258 -0.15995509195554788 0.10826807120537055
181 2 0.40999999999999998 0.10041337121238315 0.029647000930584786 -0.090830402437680993
182 1 -0.81999999999999995 -0.052246007360238801 -0.061983534601875834 0.024644731004299106
183 2 0.40999999999999998 0.068244962863171083 0.045112860414403759 -0.053246878398814909
184 2 0.40999999999999998 0.0039995801910351521 0.050931947355090115 -0.033498324895944495
185 1 -0.81999999999999995 0.14578902975378849 0.052103893805833475 0.1109772468460874
186 2 0.40999999999999998 0.044265795318120686 0.10349377564095237 -0.12241475558808741
187 2 0.40999999999999998 -0.084266995834259492 -0.093485582353858704 0.062267132728997636
188 1 -0.81999999999999995 0.057304502342999268 0.087155790484989587 -0.11567500153938301
189 2 0.40999999999999998 0.076841439778984194 -0.021961793784379308 -0.024376370929502546
190 2 0.40999999999999998 0.011999432460018859 -0.061859319908084749 -0.033138562540176705
191 1 -0.81999999999999995 0.11151341409299383 -0.10030252925093351 0.059879516023294548
192 2 0.40999999999999998 0.036699015821018942 0.13775664859302283 -0.080532824866291541
193 2 0.40999999999999998 -0.015791392530696169 -0.057381842651054789 0.15939539290859939
194 1 -0.81999999999999995 -0.035782015066585821 -0.039701355727287141 0.017576731799892227
195 2 0.40999999999999998 0.042672926174387803 0.18442573068917423 -0.11410008231181194
196 2 0.40999999999999998 0.14304002281719522 -0.16976910554280378 0.076118462006430632
197 1 -0.81999999999999995 -0.046238370051723411 -0.090518910960918464 -0.014659118332190253
198 2 0.40999999999999998 0.15379201571941992 0.051109603292497779 -0.0019984440818656629
199 2 0.40999999999999998 -0.081805450007694513 -0.17991900971485722 -0.086421097157604626
200 1 -0.81999999999999995 -0.042819542438449015 0.058827648714651654 0.057630564007264642
201 2 0.40999999999999998 -0.062716268479937012 -0.047566760913207537 -0.12812414456564386
202 2 0.40999999999999998 0.13368292603634516 -0.0016793136853483709 0.055532071428949704
203 1 -0.81999999999999995 0.046239360413222581 0.052056310549519584 -0.13809215227608987
204 2 0.40999999999999998 0.060782150399659882 -0.13243761460166265 0.066449631039920298
205 2 0.40999999999999998 0.021196113441425159 0.06262255154797243 0.14369610010717734
206 1 -0.81999999999999995 0.095003809967999675 -0.019101768079947495 0.0030800983262150817
207 2 0.40999999999999998 -0.022872930291806641 0.067306717707432448 -0.11664777341448633
208 2 0.40999999999999998 0.023883348816301466 0.011213228144947908 0.22068003978169029
209 1 -0.81999999999999995 -0.085958435190531507 0.042650455605884832 0.052622475274764283
210 2 0.40999999999999998 0.062968386496833381 0.040794457448329442 0.14565971371786468
211 2 0.40999999999999998 -0.027615182673135927 -0.075319342750145249 -0.059703262332502519
212 1 -0.81999999999999995 -0.30016928242320157 0.5372265280142986 -0.8300920089992917
213 2 0.40999999999999998 -0.11222561934163676 -0.13754277960829894 0.16344401054305732
214 2 0.40999999999999998 0.12845800263387885 0.069884259282339573 2.4698003131638279e-05
215 1 -0.81999999999999995 -0.15495527875247794 -0.069944329716863443 -0.019173946626105345
216 2 0.40999999999999998 0.059940827650514054 0.14971119524516485 -0.0042203866833036043
217 2 0.40999999999999998 0.010456564541494854 0.03550230120063598 0.0096483951997851924
218 1 -0.81999999999999995 0.051266623952907528 0.15633880754314369 0.0081578845153941048
219 2 0.40999999999999998 -0.11159963723503089 -0.0082671442318855513 0.11387136922631381
220 2 0.40999999999999998 0.10021900377456949 -0.058224266783647304 -0.0040074526099966564
221 1 -0.81999999999999995 0.020072280056501468 0.25685761367859794 0.024369737584883713
222 2 0.40999999999999998 -0.093685479563221083 -0.13401724068698748 0.041784744247033233
223 2 0.40999999999999998 0.0033578026268789606 0.057934722321120923 -0.10730882715724098
224 1 -0.81999999999999995 0.095008778758108439 0.012730438981896955 -0.038337543387609911
225 2 0.40999999999999998 -0.066874096413303524 0.040415039368262684 0.085373165281502364
226 2 0.40999999999999998 0.034021184112745295 -0.011938267983557294 0.013370978151904427
227 1 -0.81999999999999995 0.039873486639171771 0.04927248668938173 -0.047822324467922755
228 2 0.40999999999999998 0.13540153137530136 0.009507962326453399 -0.031958578370836065
229 2 0.40999999999999998 0.091273123938558229 -0.017529988270487594 -0.033426803473068117
230 1 -0.81999999999999995 0.0032213425673692409 0.0047204556872800715 0.033376350763404311
231 2 0.40999999999999998 -0.0016492417227055706 -0.012168190173335305 0.065001460884299839
232 2 0.40999999999999998 0.043988518308574136 0.011426572907908997 -0.037327600888958958
233 1 -0.81999999999999995 0.11116999169312895 0.075845429326103178 0.11925070718595082
234 2 0.40999999999999998 0.006991162330090314 -0.053487993055885232 -0.14605303490302909
235 2 0.40999999999999998 -0.10815471607060805 -0.066740964761919097 0.13682252370927109
236 1 -0.81999999999999995 0.12100115852492037 -0.057079459794766398 -0.031084547266729497
237 2 0.40999999999999998 -0.12988091944485355 -0.046720991275750148 -0.02351656099648692
238 2 0.40999999999999998 -0.0019543849989899398 -0.047822551696966857 0.020164749706229241
239 1 -0.81999999999999995 0.048088844032224798 0.072798609544544091 0.081870664653908992
240 2 0.40999999999999998 -0.091151073667852842 -0.066781674152824128 -0.045873200466197993
241 2 0.40999999999999998 -0.0085431530230383572 -0.14642577106799501 -0.027938158394630805
242 1 -0.81999999999999995 0.14566151358898063 0.0088550176334652141 -0.02242269143508074
243 2 0.40999999999999998 -0.071339284719610568 0.13701743922164727 0.089616390188500164
244 2 0.40999999999999998 0.097297955733943328 -0.14203764412594189 -0.048306035257063271
245 1 -0.81999999999999995 -0.11650442608046627 -0.029744294605145105 0.10013104030624999
246 2 0.40999999999999998 0.028679074239290128 0.061190513913329983 -0.066575726071306643
247 2 0.40999999999999998 0.0038673603239355275 -0.055863555302708999 -0.00046728681921574046
248 1 -0.81999999999999995 -0.030365161237820317 -0.097074135697824623 -0.011578042656035405
249 2 0.40999999999999998 0.025567587571791322 -0.078765939844433697 0.050561287806690981
250 2 0.40999999999999998 -0.097874875067060399 0.10409315908370939 0.039570076280976058
251 1 -0.81999999999999995 -0.15194116471551436 -0.17531231713631984 -0.1061630670862858
252 2 0.40999999999999998 0.00071537339384914291 0.0075139134251166464 -0.028456092440887742
253 2 0.40999999999999998 0.10457886458648526 0.11539859978889053 0.06516628541564011
254 1 -0.81999999999999995 0.061505875648829984 0.089611081038408036 -0.013749820337322501
255 2 0.40999999999999998 -0.033183072255643632 -0.032040514688381108 -0.20061048562685402
256 2 0.40999999999999998 -0.10899722966878439 -0.041894433042891983 0.12164937907491938
257 1 -0.81999999999999995 -0.18565349323414179 -0.037742875095845368 0.21667375864129623
258 2 0.40999999999999998 0.095485001717408619 0.07288331925378265 -0.00040813740603488463
259 2 0.40999999999999998 -0.026255142879926457 -0.0218930331019439 -0.019756353495137331
260 1 -0.81999999999999995 -0.05780179935063872 -0.049876137364915994 -0.048733077615417404
261 2 0.40999999999999998 -0.063078186489397003 -0.033434582850887726 0.018689552100514501
262 2 0.40999999999999998 0.066192708175342424 0.035099132160221917 0.053279750940124514
263 1 -0.81999999999999995 0.17237753269053013 -0.063251452548579931 0.10679351096284355
264 2 0.40999999999999998 0.023975528697585548 0.10048737239221615 -0.10051288197605185
265 2 0.40999999999999998 -0.16787005677232364 -0.11234633009123515 -0.071254336638199842
266 1 -0.81999999999999995 -0.088931194546239434 0.017666067953968443 -0.14775759251184378
267 2 0.40999999999999998 -0.093060238876050722 -0.021403160971574589 0.085290807564124133
268 2 0.40999999999999998 0.12979924272813423 0.012165944564656106 -0.11302989035974086
269 1 -0.81999999999999995 -0.1543155478871262 -0.060289529250010729 0.090698691515645219
270 2 0.40999999999999998 -0.0097883597652815273 -0.039187627122659795 0.052966981251841572
271 2 0.40999999999999998 0.2069010114925485 0.080750738117615323 -0.012664474489161873
272 1 -0.81999999999999995 0.19793193209150786 -0.002977537580600069 0.025334480645616352
273 2 0.40999999999999998 -0.088920526083717061 -0.067858372822757931 0.092321391806948344
274 2 0.40999999999999998 0.1439138838946436 0.08960429168721018 -0.072607068730575444
275 1 -0.81999999999999995 0.11776734658056859 -0.0082117784638689375 0.12272628595874184
276 2 0.40999999999999998 0.06645990327605332 0.027374699438201238 -0.029719386788575417
277 2 0.40999999999999998 -0.035811653337718977 0.025631705551973687 -0.086406431847157655
278 1 -0.81999999999999995 -0.043467392729135086 -0.027290786645762687 0.093299802423151459
279 2 0.40999999999999998 0.1653037756349342 0.10514049082560804 -0.014720033343397316
280 2 0.40999999999999998 -0.066286816419569183 0.16841009204516141 -0.07704809935953591
281 1 -0.81999999999999995 0.049805180780595239 0.0191200310004036 -0.0057121438980113634
282 2 0.40999999999999998 -0.049386684900514288 0.05367600258847248 0.1726522649373112
283 2 0.40999999999999998 -0.081369489231089734 -0.1577314927700483 -0.13593014438811746
284 1 -0.81999999999999995 -0.06719217675998676 -0.10827239072334371 -0.1091307027829574
285 2 0.40999999999999998 -0.048460767996191742 -0.13517121838888693 0.12138062430416624
286 2 0.40999999999999998 0.13428391031787051 0.12739554376618767 0.12382833793008594
287 1 -0.81999999999999995 0.010736121060243574 0.017223541594326229 0.073828591832812457
288 2 0.40999999999999998 -0.051624634678602663 -0.092958476187477601 -0.067581598258496245
289 2 0.40999999999999998 -0.05437709830279959 0.022345627926361661 0.027262576506155923
290 1 -0.81999999999999995 0.12597598520383799 0.029024341871359664 -0.086611831830048155
291 2 0.40999999999999998 -0.0058281977757210736 -0.039623665484582786 0.027942646995798123
292 2 0.40999999999999998 -0.022180631866884813 0.023871447923369205 0.10422963510090465
293 1 -0.81999999999999995 0.027533938579639601 0.10162889033532017 -0.0028722765097744739
294 2 0.40999999999999998 -0.070326931028139958 0.026759961678346177 -0.077856934565529279
295 2 0.40999999999999998 0.032646291303843507 -0.012571569413124917 0.016774860886944555
296 1 -0.81999999999999995 0.069173385989443545 -0.045167588514815615 -0.00019757533632948557
297 2 0.40999999999999998 0.093874045025481981 0.034805158283188031 -0.080619000957044606
298 2 0.40999999999999998 -0.076304718355446735 0.094570674415012171 0.062896552625532773
299 1 -0.81999999999999995 0.069469498197319388 0.11281576689936952 -0.062781555247054269
300 2 0.40999999999999998 -0.12504147742757951 0.063361928205944162 0.061206970913618972
301 2 0.40999999999999998 -0.18820470232649159 -0.10620493701799265 0.021533078948308321
302 1 -0.81999999999999995 -0.078850922327662415 0.0076592346050296835 0.038281513677204899
303 2 0.40999999999999998 -0.10105421737857231 0.078235337638256422 -0.058566074804823121
304 2 0.40999999999999998 0.056021204079388133 0.019160049878107679 0.0067268467521866392
305 1 -0.81999999999999995 -0.050210081355077811 0.11603637378720598 -0.10538992614743031
306 2 0.40999999999999998 -0.014468558075170014 -0.032556905349372167 0.080661336454001087
307 2 0.40999999999999998 -0.047584325130485793 -0.086680720315996815 0.00037912854400573099
308 1 -0.81999999999999995 0.082403764430456924 -0.080599720999511307 -0.074282467272115515
309 2 0.40999999999999998 -0.059839166819506011 0.021994740056126207 0.026579733319797929
310 2 0.40999999999999998 -0.076666041367168286 0.11087452057021369 -0.055360986076934876
311 1 -0.81999999999999995 -0.062268832610175857 0.043531051532658911 0.053095567516769644
312 2 0.40999999999999998 0.11259231645858879 -0.03725589325142243 0.042057292483321469
313 2 0.40999999999999998 0.0255325594388566 -0.037092320869164835 -0.028228667910000973
314 1 -0.81999999999999995 -0.15696595191832244 0.025275403163335951 -0.055625628468741334
315 2 0.40999999999999998 0.26262718445743549 -0.18130672558292185 -0.083497926459111957
316 2 0.40999999999999998 -0.085114337120046846 0.039801406861102923 0.21931420504959745
317 1 -0.81999999999999995 0.023788158126457386 0.10385292233917584 -0.085331580860248085
318 2 0.40999999999999998 0.052203583107035344 -0.18863332241517189 -0.021297739657194427
319 2 0.40999999999999998 -0.036543147660125376 -0.14042871216157352 0.0032789395611924335
320 1 -0.81999999999999995 -0.17589814559301661 -0.058671701603341564 -0.11849381096828783
321 2 0.40999999999999998 -0.056221271882315633 -0.095099182256356107 0.094057473999313884
322 2 0.40999999999999998 0.14325833012368538 0.074166092241638226 0.063221769614710099
323 1 -0.81999999999999995 -0.077380904781002985 0.10058348852647492 0.025316727858411225
324 2 0.40999999999999998 0.067091045246010894 -0.059090457695493634 0.14962202742269967
325 2 0.40999999999999998 0.056308480060511257 -0.024710742007414754 -0.15724310456728158
326 1 -0.81999999999999995 -0.054981785748978669 -0.022401302899640846 -0.079800148973265428
327 2 0.40999999999999998 -0.093331283488089042 0.047301097590798209 -0.073544768994744741
328 2 0.40999999999999998 0.058678158931939346 0.0074736504071962325 0.058138810210264971
329 1 -0.81999999999999995 0.040061506547124537 -0.038414962287424741 -0.09692098025920548
330 2 0.40999999999999998 -0.03466054273479402 -0.08457304641376498 0.056675703003760874
331 2 0.40999999999999998 0.021902210076829007 -0.022624301776807573 -0.013363006372401603
332 1 -0.81999999999999995 0.011018181665584537 0.058431949108134207 0.021976603706474494
333 2 0.40999999999999998 -0.12093116086085182 -0.048008947389910968 0.12873733072845112
334 2 0.40999999999999998 0.13205197357527365 -0.066543647660591301 -0.044845097412581879
335 1 -0.81999999999999995 0.072117109827954093 -0.11363199315882599 -0.088933162823133821
336 2 0.40999999999999998 0.098355851894689261 0.04109618993587253 -0.011411926059062221
337 2 0.40999999999999998 -0.11002705292904141 0.13311418424955268 0.07734165257930975
338 1 -0.81999999999999995 0.06239122696082991 0.1377539111365596 -0.21176940404463809
339 2 0.40999999999999998 -0.028148494797850199 -0.076248908880361843 0.072773951598557388
340 2 0.40999999999999998 0.067498152588223156 0.029911745816663313 0.007498807841720345
341 1 -0.81999999999999995 0.042708216487449623 -0.12258711450263671 -0.09809344408586379
342 2 0.40999999999999998 0.076795790923910492 -0.085923304393601796 0.078464866968128669
343 2 0.40999999999999998 -0.031908607877859596 -0.018679721382051345 0.0023649597823058488
344 1 -0.81999999999999995 0.17559638111903531 -0.053501134913126511 -0.042571560098802891
345 2 0.40999999999999998 -0.20890733781932827 -0.057470790506069999 -0.076328609317891094
346 2 0.40999999999999998 -0.21585030589285967 -0.099887412301308001 -0.0081517478509906382
347 1 -0.81999999999999995 0.19996705404055423 0.053796745559018089 -0.26639783861127408
348 2 0.40999999999999998 -0.021464459480385962 0.027093836351729225 0.0060064998247395546
349 2 0.40999999999999998 -0.041744911982617261 -0.1136731344051093 0.067277000850687468
350 1 -0.81999999999999995 -0.22877475346957793 0.14031609029112133 -0.1524622641535926
351 2 0.40999999999999998 0.079660103536698765 -0.086287380936890479 -0.12740823445706886
352 2 0.40999999999999998 0.062671801326600635 -0.069463329996755904 0.1835736426413169
353 1 -0.81999999999999995 0.0056669714430090199 0.08611859797824882 -0.056273994390158379
354 2 0.40999999999999998 -0.017410156952325541 -0.013387219544970734 -0.01482371452663272
355 2 0.40999999999999998 -0.11243190491611066 -0.074267761486484965 -0.039115240136428732
356 1 -0.81999999999999995 0.035994421045135103 -0.027494941467953248 -0.015436867413914883
357 2 0.40999999999999998 0.043640222455373953 -0.091639106105735682 -0.048073243071129659
358 2 0.40999999999999998 0.046565907063669636 0.072391513228546991 0.0042894828378206755
359 1 -0.81999999999999995 -0.074391595486756959 0.1268990748435217 -0.067717797875496033
360 2 0.40999999999999998 0.076608321766283377 -0.050168427322966919 0.039877461902788056
361 2 0.40999999999999998 0.00013619890166829041 0.0054386851537997867 0.033038288174694952
362 1 -0.81999999999999995 -0.070588308044886611 0.078921299122901883 0.035659024842763731
363 2 0.40999999999999998 0.016065534450264086 0.025037750243722939 0.051699810852464903
364 2 0.40999999999999998 0.0031620338219667176 0.018945254007508443 -0.0018592731896619171
365 1 -0.81999999999999995 0.1206441263006483 0.047664717370452844 0.035218784068702789
366 2 0.40999999999999998 -0.17099969641499069 0.05546008518046442 -0.048506509130851069
367 2 0.40999999999999998 -0.052037254904286012 -0.073076715036354295 -0.03560580187464598
368 1 -0.81999999999999995 0.075223786540858817 -0.063513634905988006 -0.011325168814942903
369 2 0.40999999999999998 0.089259065289983577 -0.016478615020487052 0.012821509680030405
370 2 0.40999999999999998 -0.12395424994396965 -0.059774887126956083 0.057567764883430225
371 1 -0.81999999999999995 0.13083978015740508 0.11200166433266869 0.020085211055831654
372 2 0.40999999999999998 0.026395272999680912 0.0018560414432520767 0.12396085058163112
373 2 0.40999999999999998 -0.046959779257697183 0.059581421896604071 -0.067767207562683007
374 1 -0.81999999999999995 0.23780598672963787 0.065554117550230953 -0.018886038925518125
375 2 0.40999999999999998 -0.013400151569430637 0.16379584920933621 -0.031686680761244805
376 2 0.40999999999999998 -0.020639103235000553 0.010972212072643277 -0.0036766641679011488
377 1 -0.81999999999999995 0.054677623704015688 0.28366915345138283 0.089151427948468476
378 2 0.40999999999999998 -0.019650995422204817 -0.19608888902722049 0.18556098133545923
379 2 0.40999999999999998 -0.0060122383547314426 -0.13920060709293802 -0.15308045924551494
380 1 -0.81999999999999995 0.037444013388898613 -0.056242344815497787 0.049318183102543926
381 2 0.40999999999999998 -0.010640897760994729 0.049472268342302013 -0.045521360204970163
382 2 0.40999999999999998 0.062361277028815242 0.015855361905273452 0.069346034597785253
383 1 -0.81999999999999995 -0.07284008546654383 -0.046513491299833169 -0.068667839439979797
384 2 0.40999999999999998 -0.0082365771549169665 0.049012750221453204 -0.014810031317284519
385 2 0.40999999999999998 0.1013005897922592 0.0043977404405107518 0.14709514873039209
386 1 -0.81999999999999995 -0.03292232274066275 0.044886622174524972 0.098469045177969783
387 2 0.40999999999999998 0.0082579007686529576 -0.071171169677183482 0.040259735716243132
388 2 0.40999999999999998 -0.033415246663471745 0.054461701704207381 -0.098057939996085391
389 1 -0.81999999999999995 -0.093873258891484457 -0.080034448333239458 0.010266839182698507
390 2 0.40999999999999998 -0.054253498245206866 -0.022528953468007252 0.068028285606667946
391 2 0.40999999999999998 0.2044882339611217 -0.015444039784949038 0.078365865763655021
392 1 -0.81999999999999995 -0.13453009413933306 -0.00035987066132537313 0.065548530706943303
393 2 0.40999999999999998 0.044889719971363817 -0.030052139349129342 -0.0066737010386030346
394 2 0.40999999999999998 0.0074384386381997547 0.050664248787406302 -0.0353812314691987
395 1 -0.81999999999999995 -0.012238839229200016 0.022623193458726383 -0.049315038987359928
396 2 0.40999999999999998 -0.16804447154791352 -0.05493726130734302 -0.066874539799728003
397 2 0.40999999999999998 0.078175444919741655 -0.14870464465123051 -0.019325015816671037
398 1 -0.81999999999999995 0.0058125979240492799 0.071893973982006143 -0.050074740009997863
399 2 0.40999999999999998 0.053934244018848422 -0.025658720351123387 -0.039694361949590966
400 2 0.40999999999999998 0.032910062113107562 0.050556190878226499 0.014762061293896714
401 1 -0.81999999999999995 -0.040464273420518095 0.12847780880499296 0.031810632582600293
402 2 0.40999999999999998 -0.12712941496983191 -0.059775077543024906 0.0015946122952426236
403 2 0.40999999999999998 0.099184170333070379 -0.022527527051894539 0.0032704185850255187
404 1 -0.81999999999999995 0.10537416078167773 -0.07138418642938954 -0.077475667642695548
405 2 0.40999999999999998 -0.15524528134396595 -0.053751340025246605 0.17270056181593071
406 2 0.40999999999999998 -0.010024047334880975 0.036485332132639457 -0.14267031977167821
407 1 -0.81999999999999995 -0.034598489821232196 -0.083549836457371796 0.10425642925452025
408 2 0.40999999999999998 -0.098610223437535963 0.076690999073214916 0.057258128318911153
409 2 0.40999999999999998 -0.012334941798597893 0.040187769176365351 -0.059295932087056531
410 1 -0.81999999999999995 -0.055455836793097901 0.004103266121599565 -0.13361685800919987
411 2 0.40999999999999998 0.021905383075966005 -0.1248892074764977 0.13352009924669744
412 2 0.40999999999999998 0.081226175991566313 0.047874203318539192 0.046445965962933274
413 1 -0.81999999999999995 0.17752625217945384 0.17636979836252131 -0.14735884192038642
414 2 0.40999999999999998 -0.090864388997070639 0.13319348054537328 0.27148548995910282
415 2 0.40999999999999998 -0.15024151656607415 -0.10094675742446485 -0.049123051355706902
416 1 -0.81999999999999995 0.013148325902619367 -0.21880034515024027 -0.11440518752307387
417 2 0.40999999999999998 -0.17521642414695182 0.078004628030270237 0.00035759205902986043
418 2 0.40999999999999998 0.077718745887117802 0.17271853988350616 0.1378546094087427
419 1 -0.81999999999999995 -0.043380979668409786 0.088540701237429881 0.057176013346710519
420 2 0.40999999999999998 -0.0076730409481188958 0.022508561689826349 -0.022170781408641576
421 2 0.40999999999999998 -0.026549671155658924 -0.10266778155157333 -0.026124608327409704
422 1 -0.81999999999999995 -0.056732665889330937 -0.12242395679832449 -0.023330543202343061
423 2 0.40999999999999998 0.0089749346610568641 0.028164828809378394 -0.048638246516039804
424 2 0.40999999999999998 0.12766886288472479 0.068862995185085166 -0.018309145196272913
425 1 -0.81999999999999995 -0.068785192628012137 0.28222460172608188 0.04063043950325982
426 2 0.40999999999999998 0.063727834228451088 -0.21234051270320331 -0.10251292109801935
427 2 0.40999999999999998 -0.10671635466444615 0.03852990260321195 0.098735866945812323
428 1 -0.81999999999999995 0.030159221714897974 0.10949736965164827 0.056928611732215362
429 2 0.40999999999999998 -0.016954053396478971 -0.079802659908529083 0.0028125379390092449
430 2 0.40999999999999998 -0.054701890747804717 0.0028479090825156927 0.052781738052098723
431 1 -0.81999999999999995 0.079334256127803232 0.22472215005669052 -0.12429716316529035
432 2 0.40999999999999998 0.10304677915254397 -0.014977862134512401 -0.036268105300118383
433 2 0.40999999999999998 -0.21565886326904926 -0.16107634293692855 -0.052087784838763945
434 1 -0.81999999999999995 -0.063139385181694374 -4.0459038969766064e-06 -0.16943038399168386
435 2 0.40999999999999998 0.16041693010220895 -0.041766360324563004 -0.019498121785089018
436 2 0.40999999999999998 0.054314350528453639 -0.074614011673861128 0.27203115818817103
437 1 -0.81999999999999995 0.03899992729175307 0.013211782952343066 -0.047077001404061618
438 2 0.40999999999999998 -0.061107456662047123 0.13417511035163873 -0.028733432284711053
439 2 0.40999999999999998 0.021170070898242372 -0.15486228608502553 0.18631094308562332
440 1 -0.81999999999999995 -0.081249797621367567 -0.0081404290528059361 0.019216816870348843
441 2 0.40999999999999998 0.13148852598849722 0.13200767993661269 0.036651365541174763
442 2 0.40999999999999998 0.015017540081184503 -0.080344092148216084 -0.019721895363337228
443 1 -0.81999999999999995 -0.034036857057567496 -0.030690066811423819 -0.15482582828308944
444 2 0.40999999999999998 0.060705927901193051 -0.051814411900448484 0.027047468312332304
445 2 0.40999999999999998 0.0032025912179758538 -0.065316492424707218 -0.026609324703252151
446 1 -0.81999999999999995 -0.058876024586044934 0.34721690978068115 0.034912985290344228
447 2 0.40999999999999998 0.092201874479044654 -0.19195620128709223 0.074832982418686633
448 2 0.40999999999999998 -0.047142780794466675 -0.10119033685638085 0.049783220760674318
449 1 -0.81999999999999995 0.0097472769347464339 -0.055044253520113655 -0.20278375572230209
450 2 0.40999999999999998 -0.18089161526515546 -0.16313315255515023 -0.057088918006467246
451 2 0.40999999999999998 0.19912624372766372 0.31549134564770609 -0.013099839567603621
452 1 -0.81999999999999995 0.094327995905784667 -0.18472393650885299 0.052877153634857621
453 2 0.40999999999999998 -0.084409467060837434 -0.0076370482312402852 0.056726663903513927
454 2 0.40999999999999998 -0.0047229037370089275 0.067871241377064004 -0.017451932067010158
455 1 -0.81999999999999995 0.093865098918879925 -0.063220066437515557 0.022466843437268003
456 2 0.40999999999999998 0.043763759762901921 0.11029073001824459 0.068781425786887368
457 2 0.40999999999999998 0.097882474015619489 -0.040047194509265568 -0.11507130261925104
458 1 -0.81999999999999995 0.05575870338897982 0.1146566696870272 -0.0058767102442162239
459 2 0.40999999999999998 0.062768029989166779 -0.1737027840863278 0.055241676474947321
460 2 0.40999999999999998 -0.17419631036903865 0.0061360693526570807 0.013397403753258045
461 1 -0.81999999999999995 0.0057388903706698342 0.001442917026311065 -0.038188713899350454
462 2 0.40999999999999998 -0.061250702458125743 -0.0075083349969437751 -0.024095872076969671
463 2 0.40999999999999998 -0.0080744695041748849 -0.064570047673000966 0.051444236404511297
464 1 -0.81999999999999995 -0.12199430899885132 0.0079215854697058559 -0.12629412578941637
465 2 0.40999999999999998 0.13196796287169843 0.1219341741285479 0.090507966445043025
466 2 0.40999999999999998 0.052557552660582985 0.057772945422140141 0.03876017890054672
467 1 -0.81999999999999995 -0.18838973715938326 0.085848389891081373 -0.037036625266939925
468 2 0.40999999999999998 0.11561829857777489 -0.03501418587592852 0.034829345999414486
469 2 0.40999999999999998 -0.062210462259031631 -0.038939741069170801 -0.14503385837176616
470 1 -0.81999999999999995 -0.021558119825547305 0.10464382752767055 0.12496595903048245
471 2 0.40999999999999998 -0.12024090435770435 -0.11510917578430298 -0.1241666432955703
472 2 0.40999999999999998 0.013574088199055786 0.051101397274996609 -0.039628622501144267
473 1 -0.81999999999999995 0.013069836344921173 0.0011613399649834622 -0.10943898911003075
474 2 0.40999999999999998 0.15789730145600406 0.15496644273982488 0.052857779894700953
475 2 0.40999999999999998 -0.032007769411002002 -0.043581451009940236 -0.044942581482543535
476 1 -0.81999999999999995 0.13231698482240267 -0.015868320060244655 -0.037511924347496672
477 2 0.40999999999999998 -0.20289354991687114 -0.033092134900354259 -0.11046445814890714
478 2 0.40999999999999998 -0.0053349977680061571 0.027688644904104977 0.092258095348961747
479 1 -0.81999999999999995 -0.016206567655852627 0.11486643096339839 -0.045112889837514783
480 2 0.40999999999999998 0.15723082197000629 0.032570438007182817 -0.052937772708334718
481 2 0.40999999999999998 0.032507546570060442 0.069306989554678691 -0.11981427175297231
482 1 -0.81999999999999995 -0.056696632253600762 0.071371914059998265 -0.027881347607535488
483 2 0.40999999999999998 0.017154138049404022 -0.060262195179554105 0.019523043692766421
484 2 0.40999999999999998 -0.037208322902157288 0.040360835457168849 -0.0071225430879468497
485 1 -0.81999999999999995 -0.051602041635787924 -0.27481927833916725 -0.16081980209868069
486 2 0.40999999999999998 0.16752047986316099 0.16438874879929752 0.070681900179013157
487 2 0.40999999999999998 -0.04187356198890313 0.029326553997042801 0.065933972014653855
488 1 -0.81999999999999995 -0.050713320538918631 0.038218571736740099 0.065881909782165432
489 2 0.40999999999999998 0.0094481614387778613 -0.071778703815775127 0.016536627167955408
490 2 0.40999999999999998 -0.12558256732011877 -0.004827053696158717 0.01650362101646562
491 1 -0.81999999999999995 -0.056727258627328719 -0.072020873302554744 0.011291252957819201
492 2 0.40999999999999998 -0.0010660889678851854 0.0048713603122496193 -0.0048585227378727816
493 2 0.40999999999999998 -0.054317046496811017 -0.025643835065259614 -0.039471140770429444
494 1 -0.81999999999999995 0.075553231435057225 -0.17582039453652781 -0.022006149142442123
495 2 0.40999999999999998 0.026285571037083677 -0.10244169971002162 0.070449104653650715
496 2 0.40999999999999998 -0.21918973980346954 0.13128138688600913 0.080480237440078511
497 1 -0.81999999999999995 -0.056403904291819185 -0.12097346939533735 0.18375247706328393
498 2 0.40999999999999998 0.021745897095158711 0.065949042989511472 -0.047288876135029183
499 2 0.40999999999999998 0.017439835274105912 0.047280994484475598 -0.01245004664945029
500 1 -0.81999999999999995 -0.092387602077126624 -0.15238503259089359 0.001052998251242194
501 2 0.40999999999999998 0.10592993997820929 0.0029014698098420344 0.055079546764840427
502 2 0.40999999999999998 0.08308078916505908 0.084499752162558825 -0.057837331635658996
503 1 -0.81999999999999995 -0.02978466976510669 -0.077410353054433834 -0.096573395116210103
504 2 0.40999999999999998 0.035093013082550757 -0.042761376067251305 0.036940703189613948
505 2 0.40999999999999998 0.063773315809284997 -0.065887143911273899 0.055412984205728308
506 1 -0.81999999999999995 0.21256595846029691 -0.11503910273183647 -0.0020036740677160905
507 2 0.40999999999999998 -0.09313040796880992 0.021788422956792616 0.015029233521108886
508 2 0.40999999999999998 -0.14606759321986437 -0.11046042684271043 -0.036527263500736221
509 1 -0.81999999999999995 0.2276114178271243 0.031814761805500809 -0.11932268202575728
510 2 0.40999999999999998 0.0044811343163229838 0.098660940728335339 0.08013207572455798
511 2 0.40999999999999998 -0.13970711040156936 0.059230465279266578 -0.032825081326702484
512 1 -0.81999999999999995 0.094085079464528168 -0.037084751122721055 -0.038615394319916813
513 2 0.40999999999999998 0.044957495571358634 -0.0099500947078628079 -0.019455500213833681
514 2 0.40999999999999998 0.024605326806208635 0.02541675336942021 0.045449557328312407
515 1 -0.81999999999999995 0.023970935149121731 0.067265033436464297 -0.22360641367542264
516 2 0.40999999999999998 -0.0014844940938133291 0.058296040511000159 0.030127885518200708
517 2 0.40999999999999998 -0.13450186253615845 -0.081129396023654668 0.04363988282709954
518 1 -0.81999999999999995 -0.053662195838243686 0.011141040515318335 -0.087353573951101063
519 2 0.40999999999999998 -0.10455405505207989 -0.10342884923614495 -0.035297409914223553
520 2 0.40999999999999998 0.015057737726394564 0.042897731624545042 -0.025027943249128163
521 1 -0.81999999999999995 0.053207993421102627 0.1282371095056698 0.0073865898421224671
522 2 0.40999999999999998 -0.022783395618206873 0.023652761949888811 -0.028345781034968553
523 2 0.40999999999999998 -0.01201800139277036 -0.05633802957422368 0.013546476674113239
524 1 -0.81999999999999995 0.018361491967718697 0.047087807687557909 0.12488746244574762
525 2 0.40999999999999998 -0.001391354050126879 -0.011570678830255535 -0.0076781189292948332
526 2 0.40999999999999998 0.017256489759328395 0.018119656858467132 -0.023085470231662335
527 1 -0.81999999999999995 0.15527727930193636 0.09840999170123621 0.059309895098911831
528 2 0.40999999999999998 -0.22032863958349461 -0.026190988634038809 -0.047474192320814922
529 2 0.40999999999999998 -0.036079394741133232 0.028948392537644235 0.019658407218437399
530 1 -0.81999999999999995 0.088034949597709244 -0.033456798700339317 0.05639859747711895
531 2 0.40999999999999998 -0.0095757827848131864 0.12615137185309286 -0.03433936084991563
532 2 0.40999999999999998 0.10430699233884244 -0.028939796942972471 -0.063687805611479964
533 1 -0.81999999999999995 0.064471850167986053 -0.08287093170248537 -0.061352157284252549
534 2 0.40999999999999998 -0.12805212675851779 0.033689147028168991 0.083766840601667336
535 2 0.40999999999999998 -0.030518364073840471 0.028409861796937368 0.025218467604475849
536 1 -0.81999999999999995 0.051461233987136736 -0.026108747830364071 -0.0066760161397332015
537 2 0.40999999999999998 -0.036662400643269026 -0.082158914608304726 0.0034168729099680853
538 2 0.40999999999999998 0.029561140123072868 -0.036682017838093099 -0.029491640803727386
539 1 -0.81999999999999995 0.0040930721692383296 -0.15605671873831276 0.16367454287346778
540 2 0.40999999999999998 -0.01536090615681949 -0.015784514922974922 -0.05180850336495773
541 2 0.40999999999999998 -0.016475391110985633 0.22314880124133285 0.021019936696121136
542 1 -0.81999999999999995 -0.046534778913685411 -0.019304664185717357 0.012949228927921663
543 2 0.40999999999999998 -0.0027545714608250803 -0.084219302302361243 -0.21881172544108912
544 2 0.40999999999999998 0.01655534831162437 0.12550055601976418 0.081934689104163003
545 1 -0.81999999999999995 -0.045353849965466722 -0.069930955673661435 -0.11396649869203021
546 2 0.40999999999999998 0.024126929776711069 -0.045642071177750564 0.1228259094326322
547 2 0.40999999999999998 0.080207106276389342 0.045872674839624927 -0.094709774853202616
548 1 -0.81999999999999995 0.13265180568600732 0.016931336872805 0.061901079432308811
549 2 0.40999999999999998 0.14858598445165025 0.069395085543398238 0.11069383326195639
550 2 0.40999999999999998 -0.17760840483798046 -0.020425310126656857 -0.1155789069077764
551 1 -0.81999999999999995 -0.030538663430600615 -0.037139515355235062 -0.16230203680564853
552 2 0.40999999999999998 0.047573913417750059 -0.044936235621029184 0.096447068497510807
553 2 0.40999999999999998 -0.0015960758558948242 0.0047846322356818018 0.047222604625912906
554 1 -0.81999999999999995 -0.031766900598354304 0.071173408832507098 -0.16338201525903989
555 2 0.40999999999999998 -0.021477531811161299 -0.042288949553064205 0.066253896820429869
556 2 0.40999999999999998 0.11437828619745549 0.044536520309491436 -0.0050498798270485782
557 1 -0.81999999999999995 -0.1290126131032886 0.087085944606905788 -0.033855361873844483
558 2 0.40999999999999998 -0.054675437550795784 0.10507671120776334 -0.035135349667092482
559 2 0.40999999999999998 0.12843707903566995 -0.0017248675493034167 0.063663321565385705
560 1 -0.81999999999999995 -0.089296126328432826 -0.12777674597312585 0.023841610104350486
561 2 0.40999999999999998 -0.019725192643852692 0.029556183994183249 -0.016878326501820758
562 2 0.40999999999999998 0.0044516341956776671 -0.050434287254890069 -0.051308721562854959
563 1 -0.81999999999999995 -0.12621122453884739 0.14775096165322571 0.079175786837033371
564 2 0.40999999999999998 0.030717304105812231 0.036588265432665357 -0.033614808961876547
565 2 0.40999999999999998 0.019368333026651464 -0.12101408587488882 0.057407839488507348
566 1 -0.81999999999999995 -0.019035295984074056 0.10457169489810331 -0.0065209064874350939
567 2 0.40999999999999998 0.0014224396574059987 0.066065452789539444 0.015861482062526699
568 2 0.40999999999999998 0.025930138976200494 -0.10143411431313787 -0.022268990492898599
569 1 -0.81999999999999995 0.11153174319712125 0.08751002153033012 -0.073966218807481957
570 2 0.40999999999999998 0.035527824054991629 -0.17594274124472145 -0.011451669227256924
571 2 0.40999999999999998 -0.10122264748068513 0.046128571303599049 0.045990556820738673
572 1 -0.81999999999999995 0.09560299335877441 -0.088872644616454818 -0.13765195486971124
573 2 0.40999999999999998 -0.0044431466198412151 -0.048259541965179578 0.05779948162484555
574 2 0.40999999999999998 -0.046392218449462092 0.010078316100494136 0.068532835909344086
575 1 -0.81999999999999995 0.068976128632594641 0.058877560007806681 -0.0074664228414788557
576 2 0.40999999999999998 0.064894017132602941 0.19659430509473247 0.059702073403553158
577 2 0.40999999999999998 -0.019841238869500188 -0.11278053348611633 0.1402312711779243
578 1 -0.81999999999999995 -0.21146420418719744 -0.25568275781557975 -0.092821110022714814
579 2 0.40999999999999998 0.013269600097369154 0.044057396167445598 0.042622872633622889
580 2 0.40999999999999998 0.057758424444931802 -0.054253775355529818 -0.093577669781289036
581 1 -0.81999999999999995 -0.25346551014986379 0.087257314240009348 -0.016435821781374187
582 2 0.40999999999999998 0.23861783346031248 0.059911198855042251 0.07863801532178076
583 2 0.40999999999999998 -0.037950675245071716 -0.014793782590436122 0.055402836777647603
584 1 -0.81999999999999995 -0.17629572843039229 -0.0080072701989803447 -0.084652408684200486
585 2 0.40999999999999998 -0.02570165954749885 -0.12834334463329863 0.092617406091273127
586 2 0.40999999999999998 0.071107576001551098 0.0086850996054140817 0.017256283350922351
587 1 -0.81999999999999995 -0.011068042838170478 -0.068659219062664159 -0.05408136292993352
588 2 0.40999999999999998 0.019311486506585422 0.055912878409215751 -0.019889707723358987
589 2 0.40999999999999998 0.018858390757401366 -0.075286948707029344 -0.073373122694562753
590 1 -0.81999999999999995 0.135097351871938 0.071364036891237326 0.030742499247047181
591 2 0.40999999999999998 -0.070447204963943327 -0.090761928243375228 -0.047352859808694296
592 2 0.40999999999999998 -0.044408387724871455 -0.03055635587201725 -0.017887788724307626
593 1 -0.81999999999999995 0.061845225567790547 -0.19821844772026048 0.049548726022094938
594 2 0.40999999999999998 0.01647088235570756 0.15614845821307466 -0.087614078530338216
595 2 0.40999999999999998 0.031521516794395583 0.044478023430870581 0.028609320807981925
596 1 -0.81999999999999995 0.20510695749213387 -0.15105142175025948 -0.098246153590599267
597 2 0.40999999999999998 -0.097905042905848089 0.032360613140695015 0.14383594028544544
598 2 0.40999999999999998 0.037713909489996533 -0.013317697034106282 -0.018324999249515805
599 1 -0.81999999999999995 0.016844633260225055 -0.085394778933976456 -0.053276314391442925
600 2 0.40999999999999998 -0.0077732624268781929 -0.016827203747923934 0.011655297477529067
601 2 0.40999999999999998 -0.06195096751070954 0.080303003989311686 -0.025778248186800894
602 1 -0.81999999999999995 0.073205358711973909 0.05518075994222716 0.057401059958036682
603 2 0.40999999999999998 -0.092839046466678496 -0.07096830548983328 -0.034388157008417575
604 2 0.40999999999999998 -0.11488379469615474 0.0097339940495290763 -0.026439354396452733
605 1 -0.81999999999999995 -0.042681143781198069 0.05478203407558592 -0.0035331650922035382
606 2 0.40999999999999998 -0.020848951835431406 -0.059717746388928933 0.031240874922809504
607 2 0.40999999999999998 0.055981535287175269 0.061800928207558337 -0.0053394458178861728
608 1 -0.81999999999999995 -0.1530751487684448 -0.23367216725240236 -0.10486646903680465
609 2 0.40999999999999998 -0.059661776453794904 0.10092749697747355 0.01744890816061951
610 2 0.40999999999999998 0.11638840662901365 0.12511425695051273 0.23959976493478322
611 1 -0.81999999999999995 -0.028899770097866005 -0.15890034954813895 -0.0205289826785141
612 2 0.40999999999999998 -0.080729568008742453 0.02769867211528575 -0.09600640536546394
613 2 0.40999999999999998 -0.072055475902658817 -0.066968786219356258 -0.074601229957527701
614 1 -0.81999999999999995 -0.38906358881077913 -0.0063657348864760675 -0.029714506776523937
615 2 0.40999999999999998 0.012669430506119289 0.084783967085290166 -0.052844627357624886
616 2 0.40999999999999998 0.13999856023780732 -0.10733352020144482 0.021604367402872641
617 1 -0.81999999999999995 0.088626453145199596 -0.0026542443065187783 -0.060241672395800555
618 2 0.40999999999999998 0.073930937611399739 -0.044087135769645389 0.086623447337453835
619 2 0.40999999999999998 -0.11572514540092566 -0.031503662471140836 -0.014826411905708494
620 1 -0.81999999999999995 0.059565736591968954 0.060717191893984716 0.0020681878964297212
621 2 0.40999999999999998 0.097431647955528264 -0.048803242137980235 -0.058254430003655773
622 2 0.40999999999999998 -0.10868950233287969 -0.060482769363075575 -0.002441547777373358
623 1 -0.81999999999999995 -0.0084343650941749657 0.058120687053785286 0.03189648514224247
624 2 0.40999999999999998 0.019647073606540014 0.0022175020410932864 0.07938442800744154
625 2 0.40999999999999998 0.11489862800465792 -0.046894509737910685 -0.014961964474089475
626 1 -0.81999999999999995 0.12321457852162025 0.17826295079927112 -0.0043663878342797341
627 2 0.40999999999999998 -0.00080078260254132238 -0.13476552574340192 -0.039912525153560731
628 2 0.40999999999999998 -0.14641681650648214 -0.17647971648817978 -0.029737989757558734
629 1 -0.81999999999999995 0.013726171548170546 0.036568244564507017 0.033164161121453546
630 2 0.40999999999999998 -0.0039300878291672302 -0.0028802636439084982 0.00016674460487867344
631 2 0.40999999999999998 -0.039531572543240724 -0.057586626205513324 -0.028874455407206203
632 1 -0.81999999999999995 -0.11808423541218617 0.032197244611270728 -0.039817589389155923
633 2 0.40999999999999998 0.0094413412240139365 -0.034933667734358465 0.011549597372059737
634 2 0.40999999999999998 0.0025308277001007428 0.070586168850057904 0.091566057060345749
635 1 -0.81999999999999995 -0.23669990053716491 0.058834626207362989 0.12207296657234068
636 2 0.40999999999999998 0.042385592097216977 0.014469883610873887 -0.016340336306488085
637 2 0.40999999999999998 0.14824315945215855 -0.088424933075731044 -0.060617898816286396
638 1 -0.81999999999999995 -0.063706256409486059 -0.013880300932121874 0.015976687902879445
639 2 0.40999999999999998 -0.046428537478704915 0.011033785651267091 0.087040659720265742
640 2 0.40999999999999998 0.073223086173479349 0.029842608665445081 0.072752436874700815
641 1 -0.81999999999999995 0.058012103199893979 -0.002720882458985237 -0.046183188717999452
642 2 0.40999999999999998 -0.060918353140838079 0.093044239026511613 -0.0086001537855240097
643 2 0.40999999999999998 0.10648700816275593 0.030799630575073841 0.14959811989438182
644 1 -0.81999999999999995 0.0026622864265837529 0.11024570073707748 0.048430984677522187
645 2 0.40999999999999998 0.11317965242994318 -0.087507131155252896 -0.0024873264514213797
646 2 0.40999999999999998 0.030844426609695146 -0.010025806872227469 -0.017061599246295311
647 1 -0.81999999999999995 0.04642728891541413 -0.065939680242121754 -0.018676935624223075
648 2 0.40999999999999998 -0.089680706627468465 -0.19629029403327553 0.029454652227063987
649 2 0.40999999999999998 -0.10945078296359079 0.24612983742093941 0.010333992556258848
650 1 -0.81999999999999995 0.034291464059938465 -0.023229399744593614 -0.12946775423213355
651 2 0.40999999999999998 0.017016089158653769 -0.059770221000752972 0.044128989052165515
652 2 0.40999999999999998 0.0015631273205066309 0.074768840049639337 0.071631279699564149
653 1 -0.81999999999999995 0.095267019797341104 -0.07273849946791805 -0.40561318331496982
654 2 0.40999999999999998 -0.012181144127041743 0.18946752434995875 0.56215481614837393
655 2 0.40999999999999998 0.12787714592178046 -0.075344294611292981 0.014313871140363634
656 1 -0.81999999999999995 0.037828954939796315 -0.093746484248366999 0.068692991415586033
657 2 0.40999999999999998 0.060838578620793705 -0.13035242137685402 0.04494618588897021
658 2 0.40999999999999998 0.00029297727305044021 -0.020515489323420937 0.011054468600194208
659 1 -0.81999999999999995 0.0019563408891165395 -0.30230805487441192 -0.10197387323346338
660 2 0.40999999999999998 -0.057893842670432433 0.17562567737395007 -0.051190273726651123
661 2 0.40999999999999998 0.10898830231386053 -0.1251529994714019 0.075565191882456167
662 1 -0.81999999999999995 -0.12998493938139136 -0.038043489775732346 0.11580543545968655
663 2 0.40999999999999998 -0.098923131806697234 0.017321318350758244 -0.031343323444553581
664 2 0.40999999999999998 0.17157953069979473 0.097831376389781538 -0.0014189345770403449
665 1 -0.81999999999999995 0.2213774801255757 -0.08763467999499687 -0.22833372221147702
666 2 0.40999999999999998 0.0087582217734322142 0.2625815129528174 0.032986140592483899
667 2 0.40999999999999998 -0.30764039670045895 -0.071768282219065699 0.02634864259316605
668 1 -0.81999999999999995 0.055774919504438011 -0.08677332333277564 0.19612000707124172
669 2 0.40999999999999998 -0.010343459553628743 -0.039124223636047312 -0.19309094796401935
670 2 0.40999999999999998 0.05714803513424159 0.073418640755229733 0.022023931737309793
671 1 -0.81999999999999995 -0.10105276903791345 -0.01485956132105406 -0.042625434343037269
672 2 0.40999999999999998 -0.048118036025687608 0.14816102442685608 -0.14252634658174737
673 2 0.40999999999999998 -0.013492889170399106 0.030917691656386193 0.16795043810494356
674 1 -0.81999999999999995 0.047406429940765327 -0.07295055340744383 -0.24684273698634573
675 2 0.40999999999999998 0.066101064007216825 -0.0036827039515397952 -0.0057061984491706859
676 2 0.40999999999999998 -0.0056078486217922933 -0.020223889041097582 0.15994767360171283
677 1 -0.81999999999999995 0.028783935811958945 0.0028580021215248129 0.17952442856140802
678 2 0.40999999999999998 0.016730354820983857 -0.049783729643889309 -0.029951017398539927
679 2 0.40999999999999998 -0.036463233824482681 0.019980351170345662 0.0051658172310419821
680 1 -0.81999999999999995 -0.0011318667628597105 0.02386113415044059 -0.13154647153516569
681 2 0.40999999999999998 -0.14447738623643866 0.052107569062007066 0.15961440166304328
682 2 0.40999999999999998 0.0186745495143774 0.03330800318796126 0.036296187227228008
683 1 -0.81999999999999995 0.041811013573331918 0.13409545441605111 0.05455724700229312
684 2 0.40999999999999998 -0.15596195656855252 0.0080174291653713689 -0.17051378589204505
685 2 0.40999999999999998 0.11166112451208775 -0.027663047431475522 -0.043252086166052819
686 1 -0.81999999999999995 -0.012818973066881163 0.14898870496601133 -0.037126082848411311
687 2 0.40999999999999998 -0.043303112315387589 -0.0019453521972802713 0.016306913357206784
688 2 0.40999999999999998 -0.095236652321281895 -0.06059122567433356 0.052188133424774158
689 1 -0.81999999999999995 -0.001688206067180676 -0.0054029497052688249 0.04449416101778654
690 2 0.40999999999999998 -0.088604405461098532 -0.017103025731249909 -0.041939721877637663
691 2 0.40999999999999998 0.16978429364955946 0.11648073530256298 0.009941142673420722
692 1 -0.81999999999999995 0.065974339892006337 0.020906279285002254 0.087890312502190135
693 2 0.40999999999999998 0.0077051571586414227 0.060594053510587914 -0.020552457747870231
694 2 0.40999999999999998 -0.08652795655503967 -0.023403458444683264 0.084068796448606778
695 1 -0.81999999999999995 0.040303097316915636 0.11255782290053272 0.21505340506800263
696 2 0.40999999999999998 0.019453031532389115 -0.029138250487647083 0.051704328251973984
697 2 0.40999999999999998 -0.0084142137601968571 0.011060281394704836 -0.13285171087828879
698 1 -0.81999999999999995 -0.16366430537053245 0.06226310424036631 -0.064724117484227822
699 2 0.40999999999999998 0.042202874412901645 0.097269908158864105 -0.0048566421655478068
700 2 0.40999999999999998 0.0048737392839325773 -0.11506848317119608 -0.0014492471005320413
701 1 -0.81999999999999995 0.14076842031296863 -0.012211124167767273 -0.074216198653617657
702 2 0.40999999999999998 -0.055021668099924606 -0.088540993170982116 0.036089444130802895
703 2 0.40999999999999998 0.01337217525545472 -0.044628585319378411 -0.058990289679468538
704 1 -0.81999999999999995 -0.0093490433356028298 -0.02399583843304734 0.0014574373862389679
705 2 0.40999999999999998 -0.062119484567289385 0.14615084504729203 0.021282989684200868
706 2 0.40999999999999998 0.074301880751366206 -0.15496869401741054 0.11606180195306681
707 1 -0.81999999999999995 -0.010145238895995891 0.01058917476344985 0.068872317582571674
708 2 0.40999999999999998 -0.035149826643420173 -0.031626784537682334 0.12210055343456663
709 2 0.40999999999999998 -0.037766625775561259 0.01504621273983618 -0.011316768278574916
710 1 -0.81999999999999995 0.066406818295359063 0.052956345951039062 0.10006680763104199
711 2 0.40999999999999998 0.0041877510796804194 0.055152835658722511 -0.10819139265389074
712 2 0.40999999999999998 -0.062139662001637501 -0.14640758710074164 -0.042316176342607148
713 1 -0.81999999999999995 -0.04276034781850363 0.081930321049081559 -0.046807986364112007
714 2 0.40999999999999998 0.0059468026312892571 -0.0059350876756460022 0.074839625754297312
715 2 0.40999999999999998 -0.028221545739201465 -0.1007526230300881 -0.07766284079884922
716 1 -0.81999999999999995 -0.057843321500901559 0.059131877577347662 0.0077874674975939419
717 2 0.40999999999999998 -0.02152900155539577 -0.0015801060255928397 0.082690440093209153
718 2 0.40999999999999998 0.060079436146532841 0.005059128526395164 -0.19464866606981066
719 1 -0.81999999999999995 -0.18927569010785369 -0.016760992189429866 -0.015025110504029729
720 2 0.40999999999999998 0.045985821728680681 -0.10345726475847121 0.12392662610022794
721 2 0.40999999999999998 0.082471369007845546 0.098397909826709026 -0.018238308509193356
722 1 -0.81999999999999995 -0.094971270308807518 0.036602810378815333 -0.10847489270541086
723 2 0.40999999999999998 -0.022387662887716667 0.027463933880388945 0.14288386018027396
724 2 0.40999999999999998 -0.062378876624428023 0.056886395934205178 0.0020652761890575621
725 1 -0.81999999999999995 0.062293637988113854 -0.030964864969234545 -0.0040751537884769666
726 2 0.40999999999999998 0.014665183532250207 -0.076798725581634059 0.075825815018189635
727 2 0.40999999999999998 -0.077027869811959387 0.033767611935073549 -0.10256685657519787
728 1 -0.81999999999999995 0.015267893114361037 -0.071077235024280122 0.055979097739697385
729 2 0.40999999999999998 -0.0082201613243597475 -0.032555479497965931 0.051297253635954609
730 2 0.40999999999999998 0.016336796029130515 0.14186438324458028 0.017254079036065992
731 1 -0.81999999999999995 0.051970256681442575 -0.040623489725701983 -0.13127380965150698
732 2 0.40999999999999998 -0.024839615380947332 0.0036531911433162101 0.02463143691023624
733 2 0.40999999999999998 -0.057659496802750662 0.078638272267226264 0.083510324881896442
734 1 -0.81999999999999995 -0.014498225920332754 -0.039410830861834535 0.091279651506496209
735 2 0.40999999999999998 0.077660100804030463 -0.011689756637143891 -0.14591368585977399
736 2 0.40999999999999998 -0.080635628759021596 -0.020573168859106615 -0.055792854258184907
737 1 -0.81999999999999995 0.18927980420739229 -0.025252084206939116 -0.12593933270635285
738 2 0.40999999999999998 0.0038052025466519838 -0.0010224522038128254 -0.20801397183737902
739 2 0.40999999999999998 0.025590437194859282 -0.073214205050352518 0.31164940178720996
740 1 -0.81999999999999995 0.0010956263486478881 0.017997788519761099 -0.10311491937737738
741 2 0.40999999999999998 -0.065277177169386816 -0.091966545048258616 -0.14393632060563896
742 2 0.40999999999999998 0.11159080694002246 0.17878595894271887 0.21298185898254654
743 1 -0.81999999999999995 -0.06397038529413944 0.086298452879428778 0.028459904794822657
744 2 0.40999999999999998 -0.0038773969854930556 0.015423365385286733 -0.080792960601471092
745 2 0.40999999999999998 0.04267288751771673 -0.068905688156989942 0.050938499224533987
746 1 -0.81999999999999995 0.0057570233130554904 0.051928053886461142 0.021455107279024478
747 2 0.40999999999999998 0.043067616128594943 -0.10680863974731994 -0.031385115921069955
748 2 0.40999999999999998 0.056783493326352928 0.081847306251843763 -0.032299738824570691
749 1 -0.81999999999999995 0.087691417580894493 0.017460081486735848 -0.26696655707034905
750 2 0.40999999999999998 -0.025488501895415339 -0.04302843168008872 0.022717549529259334
751 2 0.40999999999999998 -0.01149869703308928 0.069835821709451101 0.060006220524376333
752 1 -0.81999999999999995 -0.044306961647570614 -0.071417347156969027 -0.067710191671602055
753 2 0.40999999999999998 -0.053193193436567275 0.049494516718656748 -0.0056205020476910034
754 2 0.40999999999999998 0.051029839361554072 0.076103005673617399 -0.039804960458382145
755 1 -0.81999999999999995 -0.24309630003915386 0.025849007690520138 0.23799484876400887
756 2 0.40999999999999998 0.16701653012188514 -0.026010204816512311 -0.087873033706513878
757 2 0.40999999999999998 -0.075231808188185992 -0.043429701493751825 -0.14585219078465492
758 1 -0.81999999999999995 -0.047237906295952849 -0.0092143414282992737 0.030192760777601683
759 2 0.40999999999999998 0.09702532761527731 0.11299659945906244 -0.081509366082018392
760 2 0.40999999999999998 -0.017160850744807554 -0.04145812448385669 -0.063746122165973515
761 1 -0.81999999999999995 0.13709071824234792 0.029349576834262928 0.00057250590079240124
762 2 0.40999999999999998 -0.061746540397145555 0.0070577761585163042 0.11737212597892815
763 2 0.40999999999999998 0.050040960706390213 -0.085863795765862103 0.081173999783423309
764 1 -0.81999999999999995 0.0646446165292517 0.017149061776044219 -0.054899394831282915
765 2 0.40999999999999998 -0.023416170287743603 0.11485773958862205 -0.0036160996313415153
766 2 0.40999999999999998 -0.14558084422217166 -0.10484830035586531 0.063263415713843099
767 1 -0.81999999999999995 0.070662251057260511 0.060664589317004802 0.022054815338271572
768 2 0.40999999999999998 0.065333047574603426 0.049478289475813279 -0.074908534067776839
769 2 0.40999999999999998 -0.10630633496813331 0.024820926395185041 -0.050565433572222186
